0
1.26007829188166
0.758853185309244
1.13661660924735
0.89362525447767
1.96078359963589
1.93147494810391
0.938260323414496
1.68208572458512
1.92362776681616
0.981066599913721
1.87883135994143
2.19650475570342
1.81534474516935
1.58672521322143
1.39100120110908
1.054648225014
1.58423338390965
1.0972309150463
1.61738816502393
1.99557055575642
1.05084571888538
2.04350278018203
0.720139102670943
1.86138983680293
1.43799954419398
2.09184127779585
1.63316104899838
2.02456625160651
1.84766505439973
1.44659424533748
2.26495509998557
1.26575045267858
1.18963580928455
2.20317216841976
1.65215968592647
1.6021295179386
2.55879111469379
1.15006684556396
2.55946294714414
1.560304148477
2.05557604548452
1.51097000810393
1.51868424425354
2.38657924698555
2.54223851106863
1.62096153794246
2.29929477714793
1.6867211184954
1.32629615237727
2.52951861796901
1.80605839795677
1.49280608034141
2.77179865072867
1.53097119651086
2.40348545280744
2.25754904968063
1.83909624814008
1.62490792741686
2.67270128056434
2.28306767419682
1.56052722365964
2.41435738157865
2.60794632720409
2.59025796912129
1.4586462150669
2.44842503185431
2.25806079602022
2.23550828671736
1.9126868035145
2.5133552343678
1.31741858166495
2.07555250492709
1.97258529480778
2.37044672746325
1.16248197107615
1.97767571183295
1.11697974799068
1.43604544246101
1.8287005980165
1.9675093388419
1.94672244568008
1.8959828060306
1.41924191512303
1.30725285684845
1.80711860632001
0.746106193912923
0.939493615088703
1.49872280210191
0.33436884328506
0.75696151296586
1.0552904727547
1.21037953151572
0.426644001544564
-0.134980488633487
-0.220863976411095
1.13385719415181
1.14733373791737
0.997161356059886
0.0920158107124248
0.77928735204041
0.568262773420949
0.338611103688962
0.511313482397344
0.718040411159046
1.06330890291476
0.552208087145946
0.110834974070521
1.27927779907897
0.556606065237236
0.952682515485434
1.49647962862587
0.701094522153025
1.22359488202232
0.632602318935405
1.23148926530222
0.229592939345751
1.13811644226806
1.03214873671567
0.702219399230766
1.15551652356504
0.354286219049581
0.439724053149423
-0.0868257793521747
-0.222956477377304
0.41173811210877
-0.084975983473595
-0.298626821097989
-0.218595917090668
0.259053925842825
-0.371405462464344
-1.13183699254286
-1.45654665637697
-0.90532349625886
-0.879003320802559
-0.268183904730747
-1.65257654321112
-1.36626065480799
-1.50954094138409
-1.88844551076969
-0.95643119998978
-1.18729184123202
-0.978766485058652
-1.74410942036308
-0.848304024232403
-1.05594728146804
-1.23486628838175
-1.27389481231156
-0.577772263713522
-0.169943922357519
-0.417517328821124
0.239514426216022
-0.143431109506895
-0.665292406982816
0.141401326252062
-0.529915591163069
0.683294952505721
-0.589863964559604
0.367352204499297
0.296055702748926
-0.221842260081749
0.562920782619651
0.830422831831997
0.4820246734288
0.0149294291964392
0.247957114400758
0.0571924314322142
0.282971122399436
-0.463868013653561
-0.318860543090246
0.25891273694432
-0.0365619355342162
-0.560880463590021
-0.433867519254504
-1.02414990401743
-0.265802884465476
-1.12048983895791
-0.258104903085504
-0.357038494816083
-0.887240591610851
0.102936058436898
-0.239779019405413
-0.90951785882126
0.22173492790424
-0.583400612433618
-1.09257811481269
-0.0100084803823886
0.0360651414577313
0.113583134928761
0.179418827771055
0.257354138459233
0.0874692454552517
0.853804378930396
0.215640954963394
-0.087409411498627
0.626545555660583
0.00216753147260909
1.18737294253409
1.39367304721675
0.235328120846933
0.91543555185199
