0
1.77572279048189
0.921041290265297
0.490860553136241
0.654643405132556
0.966894094592818
1.01204618569064
1.25479144027737
2.07845254235125
1.61111838068381
1.48488024385351
1.58646393911427
1.57590141979268
1.90884311738783
1.23939577864748
1.83484842988146
0.947341325342295
1.390620706909
2.30230066731981
2.17432380697338
2.13849583674091
1.14169130192697
1.47290382105402
1.04741925623586
0.854382059874534
1.96331413182748
0.9069666713762
2.04617386810871
2.1145471208054
1.97619060560604
1.6440372709898
2.23859428246853
2.25311869864278
1.1698013209086
1.0804745036302
0.940490101190804
1.86456997651319
2.39676012208547
1.8876507530216
1.93188082686583
1.69302616313143
1.30974291396499
2.37075806423782
1.61280285190517
2.45997406166055
1.23542178088657
1.26422710157233
2.0949538757108
2.62645031766394
1.98265427447378
1.96050304891542
2.72550397017551
1.58716143407187
1.58200393917136
2.66978260914303
1.54291394823634
2.2978740257139
1.95898935015991
2.51489969172517
2.16806461665566
2.83754362557785
2.04325413291471
2.56275042941562
2.13336765143462
2.41033999176095
2.31880070179331
1.79712721288408
1.65365287107279
2.29004448323113
2.81630263750372
1.53476923071782
1.34045128437275
1.70715118044006
2.04825228752157
1.7832411247767
2.35729968593551
2.17658311434584
1.38382259004822
1.53724713845326
1.51281374471888
0.761825172067749
1.3586910088629
1.50916185795008
0.786235504870922
0.77056479465491
0.415799261103366
0.289615391900836
1.28287650381662
0.880034698714111
0.57519066789634
0.437347599426063
1.11878952230171
0.191906147655724
0.534579159826059
0.500219485091
0.238400563236195
1.22101083502434
0.205117068286915
-0.0264623494526005
0.170125091884856
0.324715824984014
0.188917913829651
0.701779882847353
0.227306884501975
0.0779026617317831
0.704084716169662
0.227606836810075
0.657644830596051
0.0974776214030279
1.4589002044128
1.09162972389743
0.74198428097806
0.815624862345198
0.974230045669533
0.0781372123478443
0.838407572324037
0.696344971332618
1.34734210148221
0.900826144355342
0.864362482019525
0.388563830661458
0.449908700792999
0.819959471963299
-0.291943531706573
0.306299494569715
0.0520921382183075
-0.814460824600247
0.0643590536825565
-0.867472757915595
-0.130951399387829
-0.598697811560731
-0.807353240494399
-0.754472369738477
-1.46843564506261
-0.185276666273283
-1.39905088211748
-0.42689491853901
-1.51464119181519
-0.962271609297999
-0.336315896567926
-1.61699023964585
-1.66996741452009
-0.791019778776505
-1.31679531347793
-1.48097430958145
-0.394850310452221
-0.294339803505171
-0.597686681084939
-1.41055657312055
-0.470240802398884
-0.690687262173743
-0.528755873817365
0.110085882936611
-0.303626598132756
-0.675131857791705
0.366707075460932
0.597915970082181
0.713165078064526
0.146599157486215
0.255595009529793
-0.392940464318227
0.787093691397566
0.26200036591771
-0.205660216032852
-0.302656928805683
-0.263616745554799
0.683114510731156
-0.146760265922549
-0.672454265592943
-0.573628417609471
-0.200206589025048
0.162862551336546
0.168707351756841
-0.874178665011921
-0.345625540797988
0.381525892772693
0.340209898410903
-0.712762111215461
-0.358941790003936
-0.910251394962574
-0.92442102353889
0.258258619237799
0.139556592481277
-0.278184078186565
-0.673676884638588
-1.06507036542711
-0.407728331246946
-0.557997267228976
-0.686300834088809
-0.136895472487704
0.0315839555516511
-0.0272648633679847
0.0322797117318911
0.293238175646026
0.0595951370624971
-0.124924461120101
0.205754174737503
0.18559692803492
0.778428004518863
1.27772803947261
1.18958849627525
