0
1.1528881609982
1.61806661587577
0.709943821675287
0.747154118198748
1.41417969194595
1.60121852892227
1.25207826355294
1.1340406792743
1.99569984711316
0.56336699380785
0.676685591571481
1.01853541400651
1.79415503986142
1.2885324014683
1.9277657672799
0.718045258363705
1.17750587065167
2.04685682658458
0.602957597062418
0.741703626971567
1.08341475360086
0.615247517526638
1.77079872355924
1.7806671045467
1.55755595582967
0.738506045438789
1.73108582371251
1.14178094520835
1.23666598912201
1.53705180317397
2.2211243368659
2.12843398075134
2.27832630842254
1.36053528418255
1.56902506697713
1.86769112336534
1.23658756071879
1.08680019165116
1.7901789881687
1.07912091210527
1.87806960579831
2.35980718116162
1.62160922548981
1.28019720476957
1.93315171695036
2.26101926010187
2.4886405034715
1.42302273436276
1.77752690394641
2.41112282257527
1.90126511626602
1.46056315362004
2.04317234925338
2.50065743445759
1.28027539392573
2.34325528024475
2.16076576177699
2.25369546589283
1.21699805265939
2.4501967274528
1.33814754580038
1.32870268691969
2.17193978811062
2.4609400950482
1.98004661289386
1.6615807958651
1.61666942097086
2.17164124983023
2.05340891603305
1.75521626396965
1.12211106435359
1.25647149715093
1.89748348061285
2.41301032272844
2.3907442814598
0.973306587544801
1.47723559368461
1.41454626259443
1.22880961450757
0.807616892107891
1.57338358225357
1.12661293099786
1.95318032177382
0.549209525172687
1.40407924986253
0.544845837994153
1.22735210511263
0.298064649855232
1.67560004422836
0.263248480483051
1.32588980950093
1.39826339787455
1.06060187258272
0.87331630852758
0.328683045533924
0.80300494088745
1.10956100734738
0.796767293334497
1.25053053142735
-0.123202892299742
0.100813731614359
1.05847359517397
1.11312432535028
0.641198258209634
-0.164597632202391
0.506163075925709
0.463925422530256
-0.0316887933212484
-0.11961944178496
0.978384307959023
0.343887069585981
1.22324891962985
0.260573739999655
-0.0800380160286298
0.201774992243999
-0.148655720560097
0.593489553210173
0.439620380235753
-0.251782377074418
-0.095833824691492
0.161196681037147
-0.198040622022928
0.243186434126017
-0.00424730856596389
0.41121706786136
-0.152267111642784
0.709582133148323
-0.314214537553479
-0.617286728078594
0.338381615198
-0.428248689091486
-0.713797574063032
-0.942466081851978
-0.773686280513459
-1.27949261221223
-0.903390597260234
-1.35888435029913
-0.142973825820155
-0.488600686433241
-0.425311896851283
-0.719710999183916
-0.390079934337958
-0.295510934645629
-0.550292280020652
-0.773515009501706
-1.01380888786203
-1.14792078634845
-0.714096258962561
-1.05096194285765
-0.352056365832687
0.138299278522852
-0.003065751784739
-0.299566263398304
0.407742298791012
-0.331854472523002
-0.690789342815163
0.0277659889296792
0.163500740588425
0.700251264517032
-0.332926961016338
0.724697372510032
0.271658432955366
0.315227174860665
0.570774707760621
0.214067905377467
0.349079358775349
-0.488332401649284
-0.65851796491133
-0.143609219385011
-0.500696161037782
-0.774035799289248
0.309255130410828
-0.318720021528391
-0.0365796478755778
0.276630694053865
-0.573315925474868
-0.454053065332155
-0.301713952416612
-0.261250775614345
-0.185285007946069
-0.272701449891664
-0.609019818582869
0.255844479878062
-0.252738210097754
-0.5441488644122
-0.0831076382681698
-0.702898065044734
-0.415949394198887
0.897882564459009
0.746667860529724
0.365294049154686
0.652570431139951
0.588128006932811
0.804235065075692
1.15369475176912
0.580478563989538
1.31060698457809
0.270996358180024
0.649315837576472
1.57088095303625
