0
0.327641149781305
0.477742766763112
1.45578442031847
0.390110302904919
1.85003078878944
1.5681359827676
1.48045179928378
1.47384934886239
0.597943881608521
1.79120347825244
1.83740038111272
0.73425437684922
1.36679175774642
0.767922425382788
1.7542454548897
1.78885430801206
1.97414692351622
1.56283115728283
1.72541205019406
1.96656218161824
0.982901653188017
0.829109010229923
1.95451796243044
0.922454026489883
1.86493000248001
0.89496593447388
1.7395366919626
1.19719848711512
1.60862064260573
1.79584849477167
1.30453681978912
2.22234855925409
1.27419508124324
1.75390916816254
1.57741562954146
1.27268939232357
0.994135303334588
1.60131415735936
1.91172676835246
1.3600067837416
1.91422480462621
1.14333712121116
1.74574453401288
2.06333858873699
1.56954284020662
2.45482334451773
1.69448685552922
1.79118922437523
2.19150977146792
2.10671526798978
1.07088583253729
2.4722479518101
1.94352494790768
2.32203644930664
2.33681672453761
1.67712261926261
2.08837132564145
2.06414756809893
1.48804963939217
2.17465517338422
1.5918036152669
1.06287043599399
1.87770086818136
1.42870479909689
1.66726313967806
1.78261121471804
1.98328737632502
1.53914820215486
2.26601268861214
1.8364867958897
2.11991802514205
2.128418819684
1.01257856113124
2.34539399053216
1.59743793959992
1.67218588321301
2.08274190918551
2.23834662129089
1.31785322079147
1.26823498721556
2.01902375120958
0.988489571449109
1.30696442674696
1.83810935164078
0.477081513554831
0.779868048217147
0.675438744467757
0.758211752343546
1.40125489565546
0.60203154383263
1.50847672444648
1.41840319518073
0.128359248874473
0.273965987932562
0.184601462955209
1.21224025257676
-0.0764304258219569
0.901770001884172
0.630692213501699
-0.0358885706402362
0.955772176983231
0.276944360169459
0.0187771107442654
0.300062217560737
0.717448094818555
1.22076471600365
0.909854663609199
-0.0339481932443024
-0.107350362185585
1.37732984639668
0.34688339576263
0.0957308896214383
0.174118724579481
0.454100272147664
0.893635960236712
0.922505725950594
0.0230973555825384
0.904421743900322
0.114290231677295
-0.0696831316067434
0.366014824335234
0.544767388631048
0.485534858145818
-0.0644953884494768
0.720737508968254
-0.400541897235354
0.735329797244865
0.094242111585507
-0.752481537326239
-0.329218506785592
0.106368216584393
-0.165174246265504
-0.274874676371933
-0.865965498835713
-0.953957570887626
-0.782517675976001
-0.0434502077462189
-0.035410485261488
-0.670068053487817
-1.26968326795903
-0.887875768033002
-0.996208541737166
-0.873703543632025
0.027310124548565
0.017535145248917
-0.328116024415681
-0.490932148847266
0.117191936698086
0.392298824846884
-0.86802441161126
-0.077848646508793
0.0025193170318899
0.0396320567537417
0.40471791059382
0.593683233398953
0.768317250511444
-0.016552390994368
-0.0716796438793087
-0.106210244461643
0.611922002837923
-0.455154893073
0.0564407019815153
0.127915788708155
0.306274300232434
0.349936843596075
-0.0149282620162121
0.757635842768163
0.589723821634061
0.763468499086774
-0.39576155031453
0.0458214557291626
0.478997286670007
0.244776319758544
-0.226646484310344
0.625632607850418
-0.491903600035471
0.131911607727415
0.524745147346845
-0.499820198916252
-0.601347126998179
-0.641732385919073
0.20300553148758
-0.0208900074395011
0.67016745374539
0.111662939214536
0.0479738020452243
0.56140615148618
0.197108105427655
-0.558428677977781
0.726987819751798
-0.232387223240424
0.21667051718212
-0.183562969229593
-0.182468772726309
0.422148144698402
0.285299541496246
1.13012848176773
0.736776193721692
1.38152633036117
0.679824871756138
