0
0.786214836153887
1.13408206239261
1.0072725053333
1.77772705420709
1.65586693724916
1.65400472268333
1.79979505208467
1.9416241522024
1.9810630798126
0.785806187658856
1.32709351074517
0.676641322183527
1.33335575479645
0.865850201381033
0.987787077044849
1.86810604282262
1.66096949086185
1.84402117994587
1.9318428577648
1.41224505025136
0.772236902563833
1.18709020564182
1.26151149661661
1.08812260884756
1.75371184106414
0.719955500969677
1.16842628313627
0.867435583842794
0.827694931834505
0.904859369166296
1.01119582705132
1.16444033336557
1.6502122699849
2.06242303549269
0.83419839936976
1.5280085296848
2.05011720478455
2.03393766823071
1.3274012680855
1.77366425597453
1.20971597103033
2.28359881038268
1.72605730609019
1.05577089094366
1.78282732860978
1.43935189235369
1.64819142400025
2.37653235856967
2.45137682749461
1.77033550152555
2.36850063632125
1.5314263986247
1.91677108048339
1.60008682146626
1.52856497471202
2.49096933278329
2.32846433380876
2.15680228854284
2.28324447107767
2.2190238788668
1.64912924289035
1.86050497503166
2.38533822927024
1.9294759707409
1.95864521110307
2.04903013635224
2.20855840703153
1.281583837772
2.19645922265369
1.64288623757865
1.70976681833947
1.01426524941865
2.34317798842762
1.74861392330608
1.32910021254179
2.01793386322256
1.03864229110706
0.698584249866987
0.825835190848098
0.841648387389047
1.63576989152683
0.525309300634951
0.549565562282071
1.13505697031652
1.18778389199475
0.870463628556002
0.643843454103773
0.523401846031237
1.3695661433397
1.32640761428233
1.18501476140659
0.91698701018582
0.833752989088395
0.214650042983679
0.256649668937842
0.258483394861068
0.504805658339284
0.301810507848397
0.464212832286779
0.209725324157626
0.814266414531839
0.45859623615977
1.39125841255642
1.28193498122574
1.37945769480139
0.261707451233325
0.500793382317733
0.410194521640744
0.126232510949119
1.04031868825946
0.979395921553989
-0.0291406098800873
0.854623379347806
0.363641485135987
1.02240794365345
1.23893553063819
0.742215564328475
0.96675500886406
0.555984937681374
0.280529990939633
-0.216700209835353
-0.390696551150719
-0.109275587407169
-0.223080241932096
0.656912762676727
-0.636356819606486
-0.695046469380263
-0.722535841812533
0.524775223273091
0.332613526040502
-0.443363414275972
-0.118583457372762
0.258313373354846
-1.20316343691311
-1.17284641138974
-0.647467182320481
-0.400339795042895
-0.702723053431458
-0.399636908292452
-1.32909021060355
-0.738884192507417
-0.841790769262358
-0.0159294656462456
-0.972033703278955
-0.531106279276874
-0.54556115299734
-0.52323745247208
-0.232874487823307
-0.546628454192066
0.426552236545831
-0.31836664676633
0.272585863947696
-0.612939908125795
-0.657783587919862
-0.0329106512476779
-0.19687228093903
0.2660973308848
-0.199090343190131
0.068553378171096
-0.234313749776865
0.231059252564603
-0.524204333388786
0.62656646195467
0.924543601820355
0.82098676271889
-0.212081811582836
0.155651503887987
0.0393600424288911
0.656319693481995
0.0085413055381659
0.441072525559655
-0.568353993105979
0.54955756066546
-0.210696727590057
-0.636212145437872
-0.520501330864665
0.545031906599481
-0.377505843867686
-0.343910320563085
-0.45569465308624
-0.607518745448981
-0.763918913394655
0.594076944680942
-0.164399221523865
-0.541105692115208
-0.0710973602952443
-0.369017794402167
-0.282267605152487
0.584597296163596
0.350526663710079
-0.523980607009758
-0.0367625476520789
0.885279574340429
0.727278325655266
1.11949388635866
-0.0486152615594125
-0.000396078495347368
0.533512758060962
0.802391383654527
0.311119458545001
