0
0.572987866404063
1.24833624199581
1.16697160409504
0.963634783305138
1.05871802009829
1.48108827799743
2.06213723822066
0.821032614396599
1.66482860906309
1.75758658745075
1.51831501795009
1.60705204237037
1.41108005935534
1.36648915964949
0.89684460948311
1.24946239097822
1.4997725683551
1.41671229344135
1.6692799927694
1.94746759710076
1.40535165019722
1.34950355435872
1.22692479871075
1.15404323406722
1.90553609886748
0.892972061901028
1.63505315874747
1.50496422430541
1.56069050706717
1.46720951610441
1.33812896145976
2.19988819465465
1.64497977422045
1.04041015335629
1.31647803440315
1.83321144747431
1.52689406087132
1.93343901307799
1.68881644760153
2.16981526294136
0.991942514507909
1.56443513850802
2.25304985117669
2.35632758755738
1.99936894532043
2.12487954977627
2.4569357236484
1.56100609453679
2.36582337378631
1.68216439848766
2.29433396768103
1.03863297202029
2.37394956890017
1.2075988347234
1.12728820280265
1.12249533764399
1.80991756339295
2.03391179544906
1.94001134106705
2.14964761854522
2.43549636537023
1.25048546469287
1.5322359256055
1.82826178618713
2.40437044160428
1.54400393623343
1.15908096304421
1.05216329669654
2.1270799646229
0.988028135022335
1.62118977047899
1.66567970176044
2.08496479941972
1.78198922915928
2.30227533587461
2.17514690723772
1.59034865417742
1.93312676192878
1.1483350617061
1.89940131915898
1.48226698538953
1.37325959870099
1.57924421629675
1.55061594284047
1.75212251274573
1.50280094941589
0.82635104817678
0.240324156898985
0.0922990044615826
1.15795692394208
0.192747242109746
0.908577799949607
0.36960763280785
1.00289090805837
1.24053012687295
0.181055995388333
1.02786553954255
-0.145652846439988
-0.0879456352545127
0.163090842124075
0.930603227193025
0.947778177808
1.09582533590318
0.180519508992604
0.151862984847353
1.15391321737161
1.14397709101734
-0.0267483325452449
0.221162468650243
0.650182333190925
1.34456665980936
0.84351882164582
0.822365234724953
1.54423397389739
1.34459863443798
0.252417898851718
0.438110934513463
1.44126463708058
1.01446354778237
0.856116821950511
0.931814320855808
-0.0546860781091396
0.243218356794061
0.96890659748288
-0.446691049258978
0.0830461332427865
-0.345590963813776
-0.553324901457628
-0.13522195770125
0.14637227555532
-0.759167887461654
-0.0114535261439965
-0.415331257306204
-0.0460905727041432
-0.58004524608727
-0.138203119824049
-1.14284414364465
-0.957935592499666
-1.47938803622731
-0.939581488998604
-1.04062616979937
-1.20493988061407
-1.28674226123274
-0.0894547371991457
-1.04296649438088
-0.472859923081725
-0.606728196662186
0.13082543522502
-0.68293097570561
0.0224866378121067
0.523253449300406
0.351616697375892
0.478645462543162
-0.467570321827171
-0.569099561032753
0.588233785803353
0.875709742327557
0.721859434590686
0.553888430254185
0.657910145098631
0.400785112172016
0.0538813943277945
0.618892355646955
0.0280191255952688
0.296555447467079
0.098867201318205
0.243580151486055
0.0853531490897256
-0.533345269623929
0.262607453845339
-0.0442774723796568
-0.17830893953585
-0.796550456315168
0.430075799695456
0.130199643324858
-0.0613411940024089
-0.163817758267056
-0.465861124519182
0.35227502838833
0.382028256271159
-0.187819726231892
-0.441764338094037
-0.281789575626629
0.316240828837598
0.220844424956135
-0.0141770090985716
-0.41378207980063
0.551358250016372
-0.228233748094723
0.705542351354561
-0.217431911868539
0.926222859664449
-0.269887393008881
-0.127529598560077
0.264761003194747
0.147035435788697
0.805109783587551
0.221851946948485
0.7337783043477
1.07332262601704
