0
1.20401233273148
0.553159880504793
1.33247938842417
0.75092530636642
1.99973479498678
0.925814284709036
2.13701584092175
0.834194570595609
1.28296973769243
1.38245019498661
2.20219424007293
1.57578667317922
1.80025025335969
1.12932044976963
1.50579102527139
1.28949559913225
1.54222625725652
1.66179544942992
1.26131993842281
0.592478397931187
1.45981134846239
1.40116606530117
0.851853218757973
0.510936446101612
0.618372264779926
1.77257743576879
1.70615201666907
1.53098353932488
1.29756049486627
0.729297775988228
1.62358509534809
0.598416507972125
1.54155865577798
0.728427824870707
2.04942695583142
1.06884023922577
2.15869733087539
1.15447679538136
1.29736022836621
1.10347728986938
1.16501985666061
2.18511932044733
2.21190993005647
1.00291756044945
1.16364752260405
2.09138586493892
1.26366622618327
0.972051736537459
1.15485509267833
1.46673550037667
1.07311570484751
1.31358294091611
1.27371061307066
2.38471713774457
1.36295691117119
2.05019326359044
2.45757025317291
2.48735754420713
1.34256509214817
1.98088265778568
2.55023238300892
2.01132582053679
1.53240351473414
1.67864262210945
2.34725231933094
1.25782542973602
2.03280522607202
1.43338011464443
2.08892102505528
2.00935938828212
1.73991979002392
1.64209121130387
1.89895270468264
2.39215947848639
1.50682368920391
1.14258069049787
1.66593767387929
1.67969010457848
0.742782163405531
0.984200592300306
1.85909012045747
1.52856425372126
0.944529633029723
1.62781803947419
0.772758455481653
0.641324040644682
1.15236159998643
1.07093826460029
0.194784304635683
0.854160325993068
0.331413489645354
-0.102075135980486
0.00130912696251345
0.651015769936938
0.681847049269963
-0.238906243830296
-0.315537395865289
0.11399122782218
-0.113539769103797
-0.198208203725516
0.822330277459283
0.81726601952492
0.804991970481216
0.0203091479866192
-0.00019688892043665
0.674630726114899
1.12270689221659
1.10065237477463
0.684661114991397
0.241484244428359
0.45367232491371
0.689450131812113
0.55677242724637
0.96867481588686
0.893467820245878
1.12228944298548
0.782033534064297
1.39872119038221
1.01147885136689
0.0863333337396281
1.2195820754904
0.2915629781554
-0.229582602935576
0.207586935935479
-0.44839932163787
0.67160844627882
-0.135396592276423
0.0555249809403904
0.329020251280883
-0.210404172675278
-0.0265355262272631
-0.436352629676399
-0.565290759914285
-0.495945816439048
-1.56331949750245
-1.12633605051808
-0.527558789869205
-0.409337661994414
-0.639968977570872
-0.385695049074261
-0.905642957060033
-0.505930174679896
-1.33239830568132
-0.371131561987483
-0.220494144904213
-0.46627968415246
-0.390439998161096
-0.839081950175429
0.0730332140966576
0.0708227963186787
-0.767649784191381
0.502003261912796
-0.214079395185984
0.134574732783029
-0.19383434571097
1.09518477901227
0.648093764636859
0.000101008755663434
0.200902383623186
1.08284378045525
0.403428770819212
0.203353189939497
0.196058464486788
1.2855470193377
-0.168978745315963
-0.0198180014071371
-0.288494718723589
0.599439300997734
0.183968556112599
-0.379097825594941
0.452680858126555
0.307135876509395
0.0412549555665516
-0.761637872004613
-0.529250406652892
0.305071103854556
-0.921783574089602
-0.0426959314417876
0.146243707073481
-0.742139410297602
-0.233283054599697
0.0365545967537066
0.109365053219668
0.191910749241218
-0.481413321135693
-0.562214957984386
-0.390794844422776
-0.95853118170671
0.283484610882161
-0.649807750204646
0.341365287928457
-0.347017334392232
-0.394493997177861
-0.325442473309714
0.733227687153066
1.24770951063061
0.636684821748898
0.462075776013982
1.18325246587293
0.334278534818443
