0
0.411132962641364
0.800111259555841
1.4794466836999
1.20957726429657
1.99057639248914
1.07961272490473
1.93622606908386
1.36875196000102
1.08284653791569
1.19092556756583
2.46895666936737
1.17392714870129
1.01163683598085
1.79355115490412
1.89242722457195
1.22988852942497
1.64550710882145
1.04284638548184
2.12027921122936
1.71416326661159
2.23917395168263
2.35247345281006
1.72415422368118
1.60834763568407
2.21256811217611
2.09683508216531
2.43482908398293
1.87329284693786
1.37576170223454
2.26071326401181
1.59177168351429
2.07415331886271
1.10444608172331
1.53984358872961
2.04408179130028
2.45569618592273
1.96409186905053
2.38953748015727
1.99753572075167
2.4627900492281
2.27892481867937
2.51539195270308
2.30211023822829
1.69942689012013
2.13628807630245
2.29852234312455
2.6723386533521
1.8186967535709
2.32130061416361
2.64962943075225
1.8362274236253
1.84088060988537
2.68008478246015
2.29174428909075
3.11196808755291
1.90111135176731
2.91193103666585
1.97360603095283
2.91835246054695
1.93056389477204
2.79825686278746
2.12072212074273
2.72348409562787
2.77902353344447
1.87354803507532
2.93015388772502
2.43868184063631
2.28279373967391
3.04267976273291
2.41263069869751
2.25963766872193
2.78003458653421
2.14486005825944
2.87977663885486
2.4522782410389
1.56932453025378
2.46019895675102
1.87250132401783
1.07732521054224
1.80542229070189
1.65034178993236
2.02193826251212
1.64600247650872
1.82430194839307
0.627909066958074
0.837566488948442
0.701743471501161
0.39311275893693
1.34969188501255
0.919262726448964
0.326122613918977
-0.114536301568046
1.03693451221922
0.0970632000536918
0.574059343961444
-0.1123736595048
0.827536374536441
0.50594608538167
0.346353153859651
0.7443095555529
0.371127577593636
0.605363048907667
0.709187514606997
0.553862457828546
0.875117399668496
0.151055361312795
0.167592929322066
0.617742696914446
0.105381527436648
0.12270740779813
1.3933275651614
1.34462088150315
0.340751475926171
0.602299929396543
0.903380784331546
0.601732774933768
0.771741966113221
1.09543891075547
0.676413439194763
0.502055689125784
-0.167036463864441
0.282214397123998
-0.302155104873692
0.117187035595679
-0.042330645017528
-0.311008464141302
-0.0772135041829496
-0.393604738187081
-0.251431099879869
-0.724251166039944
-0.34521036174333
-0.737392723155706
-0.933870964759881
-1.55831007273555
-1.65453779420796
-2.01870568902407
-0.957894217931858
-2.03964266855619
-2.17383729675265
-1.33574010862137
-1.46755771225976
-1.64375120369065
-1.51568397363512
-1.92765007669668
-0.979347526147277
-0.764561798851918
-0.603143081678835
-1.36377635368783
-1.51796276897147
-0.422562046814711
-0.575141063246037
-1.27135420382936
-0.291866304943875
-1.01295194575676
-0.733641448097338
0.393272868506662
0.0852681450009688
-0.103449995396677
-0.042520071233771
0.0177255741439493
0.314276560134663
0.206099341772383
-0.693224837715859
-0.56292135682909
0.556902674492873
0.347652839229309
-0.248645527230423
-0.0437534997603017
0.499436565534275
-0.735655373093707
-0.872834027040672
0.286100014048162
-1.17026677227159
-1.19612719826536
-1.14603063789068
-0.10418726725298
-0.367278816438732
-1.46723339311048
-0.455977761985256
-1.20800628925238
-1.28451269900351
-1.0164224768238
-0.952571361528396
-0.262335322158163
-0.624237455796026
-0.151449735140562
-1.0534094305272
-0.577098955960885
-0.875212024190226
-0.870692702165214
0.00814549109300922
0.0946996431585589
-0.131073095587124
0.746278959696442
0.0943414238409859
1.14413518819731
1.04835616249597
0.602218146325909
0.526149862456537
0.644158151652666
