10.265000
10.281000
10.284000
10.286999
10.270000
10.270999
10.262000
10.262000
10.262999
10.260000
10.260999
10.260999
10.260999
10.262000
10.262999
10.262999
10.262000
10.262000
10.262000
10.262000
10.267000
10.267999
10.267999
10.270000
10.270000
10.270999
10.274000
10.277999
10.279000
10.279000
10.279000
10.279000
10.279000
10.279000
10.279000
10.279000
10.279999
10.279999
10.279999
10.279999
10.279999
10.279999
10.279999
10.279999
10.279999
10.279999
10.279999
10.279999
10.279999
10.279999
10.279999
10.279999
10.279999
10.279999
10.281000
10.281999
10.281000
10.281000
10.279999
