-0.109999
-0.209999
-0.270000
-0.300000
-0.370000
-0.400000
-0.579999
-0.639999
-0.649999
-0.930000
-1.870000
-2.579999
-2.920000
-3.420000
-3.539999
-3.650000
-4.369999
-4.989999
-5.280000
-8.260000
-8.930000
-9.279999
-9.619999
-10.699999
-10.699999
-11.100000
-11.899999
-12.399999
-13.100000
-13.500000
-13.699999
-13.899999
-13.899999
-14.199999
-17.100000
-17.200000
-17.700000
-18.000000
-18.600000
-18.600000
-18.799999
-19.000000
-19.299999
-20.000000
-20.200000
-20.500000
-20.799999
-21.100000
-21.399999
-21.399999
-21.899999
-22.200000
-22.399999
-23.000000
-23.299999
-23.399999
-23.500000
-23.500000
-23.600000
