9.600000
9.619000
9.345000
9.345999
9.399999
9.402000
9.440999
9.442999
9.446000
9.451999
9.451000
9.500000
9.524000
9.562999
9.562000
9.586999
9.607000
9.614999
9.618000
9.618000
9.550999
9.536999
9.524999
9.479000
9.479000
9.479000
9.411000
9.390000
9.352999
9.338000
9.338000
9.314999
9.314999
9.312999
9.295999
9.182999
9.173999
9.173999
9.142999
9.142999
9.144000
9.142999
9.140000
9.114999
9.104999
9.104999
9.090000
9.090000
9.067000
9.067000
9.074000
9.076000
9.074000
9.069999
9.069999
9.067999
9.067000
9.065999
9.067000
