7.199999
7.247000
7.263000
7.265999
7.252999
7.252999
7.247000
7.247000
7.248000
7.244999
7.245999
7.245999
7.245999
7.245999
7.247000
7.247000
7.245999
7.244999
7.245999
7.245999
7.249000
7.250000
7.250000
7.251999
7.251999
7.251999
7.255000
7.257999
7.258999
7.258999
7.258999
7.260000
7.260000
7.257999
7.257999
7.260000
7.260000
7.260000
7.260000
7.260000
7.260000
7.260000
7.260000
7.260000
7.261000
7.260000
7.260000
7.260000
7.258999
7.258999
7.257999
7.260000
7.260000
7.260000
7.261000
7.261000
7.261000
7.261000
7.260000
