15.652000
15.458000
15.381999
15.383000
15.381999
15.383999
15.378999
15.378999
15.380000
15.378999
15.383000
15.383000
15.380999
15.380000
15.383000
15.383000
15.385000
15.385000
15.383999
15.385000
15.383000
15.383000
15.383000
15.383000
15.383000
15.383000
15.380999
15.378000
15.376000
15.375000
15.375000
15.373999
15.373999
15.385000
15.383999
15.371999
15.371999
15.371999
15.371999
15.371999
15.371000
15.371999
15.371999
15.371999
15.371999
15.371999
15.371999
15.371999
15.380999
15.380999
15.380999
15.371000
15.371999
15.371999
15.373000
15.373000
15.371999
15.373999
15.373000
