10.298999
10.302000
10.303000
10.303999
10.300000
10.300000
10.303999
10.303000
10.302000
10.303000
10.298000
10.298000
10.309000
10.310000
10.310000
10.310000
10.310000
10.310999
10.310000
10.310000
10.310000
10.310000
10.310000
10.310000
10.310000
10.310999
10.309000
10.461000
10.305000
10.461000
10.305000
10.305000
10.305000
10.305000
10.305999
10.305000
10.305999
10.307000
10.307000
10.307000
10.307000
10.307000
10.305999
10.305999
10.305999
10.305999
10.305999
10.305999
10.305000
10.305000
10.305000
10.305000
10.303000
10.303000
10.303000
10.303000
10.303000
10.303999
10.303999
10.302000
10.303000
10.303000
10.303999
10.303999
10.314999
10.314999
10.314999
10.307000
10.307000
10.307000
10.307000
10.307000
10.307000
10.307000
10.305000
10.305000
10.305000
10.295000
10.293999
10.293000
10.293000
10.293000
10.293000
10.291000
10.291000
10.291000
10.291000
10.291000
10.289999
10.289999
10.288000
10.289999
10.289999
10.288000
10.286000
10.286999
10.286999
10.286999
10.284000
10.284000
10.284000
10.282999
10.282999
10.282999
10.281999
10.281999
10.282999
10.282999
10.281999
10.281999
10.282999
10.286000
10.284999
10.284999
10.286000
10.286999
10.286999
10.286999
10.286999
10.286999
10.286999
10.284000
10.284000
10.284000
10.284000
10.284000
10.284999
10.282999
10.284999
10.284999
10.286999
10.286999
10.286999
10.286999
10.286999
10.284000
10.284000
10.284000
10.282999
10.282999
10.282999
10.282999
10.282999
10.282999
10.282999
10.282999
10.282999
10.282999
10.281999
10.281999
10.279999
10.279000
10.279000
10.279000
10.279000
10.279999
10.279999
10.279999
10.279999
10.277999
10.279000
10.279000
10.279000
10.279000
10.279000
10.279000
10.279000
10.279000
10.279000
10.279999
10.279000
10.279000
10.279000
10.279000
10.279999
10.279999
10.279999
10.279000
