-0.180000
-0.180000
-0.219999
-0.250000
-0.270000
-0.280000
-0.280000
-0.289999
-0.289999
-0.289999
-0.300000
-0.300000
-0.449999
-0.449999
-0.699999
-0.819999
-0.949999
-1.049999
-1.139999
-1.210000
-1.210000
-1.210000
-1.450000
-1.450000
-1.450000
-2.089999
-2.329999
-2.750000
-2.750000
-2.750000
-2.750000
-3.529999
-3.529999
-3.529999
-3.980000
-3.980000
-3.980000
-4.440000
-4.670000
-4.920000
-5.159999
-5.400000
-5.639999
-5.860000
-5.860000
-6.099999
-6.099999
-6.099999
-6.920000
-6.920000
-6.920000
-7.500000
-7.789999
-8.050000
-8.050000
-8.569999
-8.569999
-8.810000
-8.810000
-9.310000
-9.310000
-10.000000
-10.300000
-10.300000
-10.800000
-10.800000
-11.000000
-11.199999
-11.199999
-11.199999
-11.699999
-11.699999
-12.199999
-12.199999
-12.399999
-12.399999
-12.399999
-12.800000
-12.800000
-12.800000
-12.800000
-12.800000
-12.800000
-13.800000
-13.800000
-14.100000
-14.300000
-14.300000
-14.600000
-15.100000
-15.300000
-15.399999
-15.399999
-15.500000
-15.600000
-15.800000
-16.600000
-16.600000
-17.000000
-17.299999
-17.299999
-17.299999
-18.000000
-18.100000
-18.200000
-18.200000
-18.200000
-18.299999
-18.299999
-18.500000
-18.600000
-18.700000
-18.799999
-18.799999
-18.899999
-19.100000
-19.299999
-19.299999
-19.299999
-19.700000
-19.899999
-20.200000
-20.399999
-20.600000
-20.600000
-20.700000
-20.700000
-20.899999
-20.899999
-21.100000
-21.299999
-21.399999
-21.399999
-21.600000
-21.799999
-22.000000
-22.200000
-22.200000
-22.399999
-22.399999
-22.799999
-23.000000
-23.000000
-23.399999
-23.399999
-23.399999
-23.700000
-23.899999
-24.100000
-24.299999
-24.500000
-24.700000
-24.899999
-24.899999
-24.899999
-24.899999
-24.899999
-25.399999
-25.399999
-25.399999
-25.500000
-25.500000
-25.600000
-25.600000
-25.600000
-25.600000
-25.600000
-25.600000
-25.600000
-25.600000
-25.600000
-25.700000
-25.700000
-25.700000
-25.700000
-25.700000
-25.700000
-25.700000
