9.715999
9.696999
9.713999
9.741000
9.711999
9.725999
9.746000
9.694000
9.746999
9.694000
9.737000
9.744999
9.628999
9.651000
9.630000
9.585000
9.562000
9.666999
9.512000
9.401000
9.401000
9.425999
9.463999
9.467000
9.463999
9.449999
9.439000
9.383999
9.364999
9.946000
9.364999
9.347999
9.347999
9.347999
9.312999
9.314000
9.312999
9.281999
9.281999
9.255999
9.244000
9.232000
9.220000
9.220999
9.210000
9.210000
9.199999
9.199999
9.190999
9.164999
9.164999
9.164999
9.145000
9.133999
9.133999
9.133999
9.133999
9.102999
9.102999
9.086999
9.081000
9.081000
9.062000
9.057000
9.064000
9.064000
9.045000
9.041999
9.041999
9.041000
9.038999
9.038000
9.038999
9.034999
9.032999
9.032999
9.032999
9.038000
9.041000
9.041000
9.043000
9.043000
9.043000
9.046999
9.045000
9.046999
9.046999
9.050999
9.053999
9.057000
9.057000
9.053999
9.053999
9.003000
9.057999
9.059000
9.052000
9.052000
9.055999
9.053999
9.052000
9.053999
9.053000
9.052000
9.052000
9.050999
9.050999
9.050999
9.052000
9.053999
9.053000
9.052000
9.050999
9.050999
9.050000
9.048999
9.048000
9.048000
9.045999
9.045000
9.043999
9.043999
9.043000
9.043999
9.043999
9.043999
9.043999
9.045000
9.045999
9.045999
9.048000
9.050000
9.050000
9.052000
9.053999
9.055999
9.059000
9.059000
9.060999
9.062999
9.064999
9.065999
9.067000
9.069000
9.071000
9.071000
9.071999
9.071999
9.076000
9.079000
9.081999
9.083999
9.086999
9.088000
9.088000
9.090000
9.090000
9.090999
9.090999
9.090999
9.102999
9.102999
9.102000
9.102000
9.102000
9.102999
9.100999
9.100999
9.100000
9.100000
9.098999
9.095000
9.095999
9.097999
9.097999
9.097999
9.095000
9.093000
