7.274000
7.281000
7.275000
7.275000
7.271999
7.271999
7.275000
7.274000
7.274000
7.274000
7.269999
7.269999
7.278999
7.280000
7.280000
7.280000
7.280000
7.281000
7.280000
7.197999
7.197999
7.197999
7.280000
7.280000
7.280000
7.281000
7.278999
7.390999
7.281000
7.390999
7.281000
7.281000
7.281000
7.281000
7.281000
7.281000
7.281000
7.281000
7.281000
7.281000
7.281000
7.281000
7.281000
7.281000
7.281000
7.281000
7.281000
7.281000
7.280000
7.282000
7.282000
7.282000
7.282000
7.282000
7.282000
7.282000
7.282000
7.281000
7.281000
7.280000
7.281000
7.281000
7.282000
7.282000
7.289999
7.289999
7.289000
7.282000
7.282000
7.282000
7.282000
7.281000
7.282000
7.282000
7.280000
7.280000
7.280000
7.276999
7.278999
7.277999
7.280000
7.280000
7.280000
7.280000
7.280000
7.281000
7.281000
7.281000
7.280000
7.280000
7.278999
7.280000
7.280000
7.223999
7.277999
7.278999
7.265999
7.265999
7.277999
7.277999
7.277999
7.281000
7.281000
7.280000
7.280000
7.280000
7.280000
7.280000
7.281000
7.280000
7.280000
7.281000
7.280000
7.280000
7.281000
7.282000
7.281000
7.281000
7.281000
7.281000
7.281000
7.280000
7.280000
7.280000
7.280000
7.280000
7.280000
7.278999
7.281000
7.281000
7.281000
7.281000
7.281000
7.281000
7.282000
7.280000
7.281000
7.281000
7.281000
7.281000
7.281000
7.281000
7.281000
7.281000
7.281000
7.281000
7.281000
7.281000
7.280000
7.280000
7.280000
7.280000
7.281000
7.282000
7.282000
7.282000
7.282000
7.282000
7.282000
7.281000
7.281000
7.281000
7.281000
7.282000
7.282000
7.281000
7.281000
7.281000
7.281000
7.282000
7.281000
7.282000
7.282000
7.282000
7.282000
7.282000
7.282000
7.281000
