15.387999
15.361000
15.397000
15.399999
15.402000
15.402000
15.399999
15.402000
15.401000
15.402000
15.402999
15.402999
15.401000
15.401000
15.397999
15.397999
15.397999
15.397999
15.399000
15.850000
15.850000
15.850000
15.399000
15.401000
15.399000
15.399999
15.397000
15.416999
15.375000
15.416999
15.375000
15.371999
15.371999
15.371999
15.375000
15.371000
15.375000
15.375000
15.375000
15.375000
15.376000
15.376000
15.376000
15.373999
15.373999
15.373999
15.373999
15.373999
15.375000
15.364999
15.364999
15.364999
15.354999
15.357000
15.357000
15.357000
15.357000
15.361000
15.361000
15.361000
15.359000
15.359000
15.357000
15.357000
15.362000
15.362000
15.364999
15.371000
15.371000
15.371000
15.371000
15.373999
15.371999
15.371999
15.371000
15.371000
15.371000
15.347000
15.331999
15.331999
15.319999
15.319999
15.319999
15.315999
15.315999
15.312000
15.310999
15.310999
15.307000
15.307000
15.305999
15.307000
15.307000
15.604000
15.300999
15.296999
15.368000
15.368000
15.293999
15.293999
15.293999
15.274999
15.274999
15.274999
15.274999
15.276000
15.277000
15.276000
15.272000
15.272000
15.277999
15.282999
15.286000
15.286000
15.286000
15.286000
15.288000
15.288000
15.288000
15.286999
15.288000
15.279999
15.282999
15.284000
15.284000
15.284000
15.284000
15.282999
15.281000
15.281000
15.284999
15.284999
15.284999
15.282999
15.281999
15.279999
15.276000
15.276000
15.272999
15.272000
15.272000
15.272000
15.272000
15.270000
15.270000
15.270000
15.270999
15.270000
15.270999
15.267999
15.262999
15.256999
15.251999
15.251000
15.251000
15.251000
15.251000
15.248999
15.248999
15.248999
15.250000
15.248999
15.251000
15.250000
15.250000
15.248999
15.251000
15.251000
15.248999
15.251000
15.248000
15.244999
15.244999
15.246000
15.251000
15.251000
15.253000
15.253999
