0
1.66906369804622
1.96676059351415
2.00629968672573
1.99896203711015
2.0847147745685
2.27315076935527
2.5081675465047
2.12971050383203
2.44046661646937
2.49555928474484
2.43518102118899
2.47993881541111
2.42624238396598
2.42014134842388
2.27019684410922
2.39288932865229
2.48072293126743
2.45734067359232
2.54636143484593
2.64501126422457
2.47180958560998
2.46269725760558
2.43367525482516
2.42379941302573
2.69145316389116
2.37389564258659
2.64401202738227
2.6261018219734
2.67265843356341
2.67177514267362
2.66103445922657
2.98225301190524
2.83256717008179
2.66726537743473
2.79605969103447
3.0052431989819
2.93987649082543
3.11158897546084
3.06539683938336
3.25996425641825
2.9002421485583
3.12247592667186
3.38180408868873
3.44434644568504
3.35179416921117
3.41842139101792
3.55233529334983
3.27547675787437
3.56423654932467
3.35570666354718
3.57816564264078
3.17722500070857
3.63934999716823
3.26713022112588
3.25659273341637
3.27098694222679
3.51592785068531
3.6062042242651
3.5902806570447
3.67520303035048
3.78504731302132
3.40392411794932
3.51079617575845
3.62121724177547
3.8234728091681
3.54503596194923
3.42285805598331
3.39076853595163
3.74969468783439
3.36737399159611
3.57223841098089
3.57707548418433
3.70284575472827
3.58373452888415
3.73486081941945
3.66602543364064
3.44058923053255
3.52050295610697
3.22101001685613
3.43030025706338
3.24748581649042
3.16521882218377
3.18639979550315
3.1284976139865
3.14714422423276
3.01609904639298
2.74402430187456
2.50419778097163
2.41322069352505
2.73035846961359
2.37474520036667
2.58426381090468
2.3807947386407
2.57374989563165
2.64077830160228
2.28154953544792
2.56389249500518
2.17883260419705
2.20998157465726
2.31100067547728
2.58910307595602
2.62139402261273
2.70087597667322
2.42864295780092
2.45378414603504
2.82334483479985
2.85541142561038
2.49934667001863
2.61392504007574
2.78562873896925
3.04158243678653
2.89396413249845
2.90041811519367
3.14796748516694
3.08121299350826
2.70939458719937
2.75572865398076
3.06665265246665
2.89310715367677
2.80147991284496
2.78072256977439
2.39934066788947
2.4402765056718
2.61887332188805
2.07978411146555
2.18633214903869
1.9718158465747
1.83059036987175
1.89893210216628
1.92403360146827
1.55697634140844
1.74580204602107
1.55673643557204
1.63242851451538
1.41506699973479
1.53180297213408
1.17587259809165
1.22644402246886
1.05185424999344
1.24142646903689
1.22771318667831
1.20297126370033
1.21533542989792
1.66302724971001
1.40194591312144
1.65594277137619
1.68140171655378
2.00226179349506
1.80966902487344
2.12578447142458
2.37463696725884
2.39894509338501
2.52106209148168
2.28240324208727
2.32107912756451
2.77405493272368
2.93079250835986
2.93331899375094
2.92338429213896
2.99588500246691
2.93948647298438
2.84454788973099
3.04506238056117
2.8520479126631
2.93773497160206
2.86088196457892
2.89182312792137
2.81637502329803
2.5830746802733
2.81810463684813
2.68351291485483
2.60578393140498
2.36716679640452
2.74528033323375
2.61755682723684
2.53010192545107
2.47756527185256
2.36470173536137
2.63226476055232
2.64476147643791
2.46565744063369
2.40049349454389
2.48214291283855
2.7186790697415
2.73279757776774
2.70878939038128
2.63786819886161
3.02919860717299
2.84554640561854
3.23875781772877
3.01784685815008
3.48958890814347
3.18411939133354
3.32642368091267
3.55256173520897
3.60814228987628
3.92073750838231
3.81699886552385
4.07487448464759
4.27104833154418
