0
1.41833249626836
1.91151471720251
1.89661547220349
1.62622724026023
1.9623441624525
2.07532426742817
1.8310230915696
2.15530677175833
2.22375630223315
1.86123667695675
1.86091082241785
1.85889022569901
2.24182371790504
2.13202626624725
2.10098680958682
2.22039573812445
2.18172388796842
1.81416122405158
2.21798642932096
2.22059760603494
2.26464948366612
1.96848310641247
2.26753648820618
2.06612890525171
2.01339697941044
2.17858383404915
2.35067040505198
2.23962501991398
2.32165357154983
2.2641590470136
2.59653615169866
2.37667463109597
2.35003152244787
2.32116505133735
2.47115629643391
2.46816484976884
2.74643832782161
2.58461123588863
2.90755887248327
2.88173435973744
2.68362679759014
3.10684108618071
2.74879366668264
2.69443971266344
2.70576293714179
2.74238059796928
2.9959751013213
2.82855053573701
2.87683870305813
2.93394801218631
2.8568635033223
2.98756591366332
3.22934752377899
2.7989723606976
3.09528813402832
2.89426640715034
3.01619867968239
3.02087937991643
3.18748555087323
2.83728798247753
3.27323579646291
3.05292079775796
3.29275275256438
3.03418449415958
3.19995729986726
3.14212469109733
3.04576520485115
3.31735831026599
3.36435998469751
3.17782403528453
3.17388702756577
3.14500951940663
3.23207204597592
3.36403499708054
2.93728125172739
2.93346394365881
3.01573030448626
3.21001992427814
2.88525805915694
3.20392540301682
2.8362550612082
2.83069427835233
2.92037907535879
3.03453729752798
2.68778198940524
2.54925828188498
2.66314725491764
2.31235313177463
2.70161632666424
2.29780967594376
2.61494786602745
2.2834525441614
2.2089322363278
2.31836076692432
2.12239740543811
2.40633979146372
2.10880582294745
2.17082243667247
2.15110524837974
2.01713304384817
2.05028965991798
2.05777793196149
2.37870686857425
2.31622524246767
2.43830686252566
2.47489219809599
2.6148897409588
2.68317520842591
2.76849285687685
2.69054739573198
2.5509418470422
2.82088012450645
2.79052829294461
2.55304112780486
2.83504194308303
2.72352678186537
2.49305022186038
2.61679137023195
2.46426506142875
2.45836186093202
2.39970929965286
2.57689276147071
2.48178558550775
2.25029688311205
2.16545495118018
2.00172036978361
1.97062585160156
1.8613056109768
1.96671551601332
1.8587751401653
1.84018044606357
1.763197125183
1.68529066071881
1.33537025237459
1.40935680784882
1.60838701658015
1.39292703252114
1.46256494696432
1.29556215759714
1.50993896320993
1.14810936461356
1.55439556139394
1.62204254767773
1.64286938620413
1.61652276997536
1.47339626322806
1.55386910171309
1.6756092861621
2.02378588889803
2.22907419202691
2.16734336104824
2.03530017016294
2.44090045086527
2.40870212101262
2.65039622174817
2.50216980519091
2.89711044051469
2.93264754328029
2.82461778731009
2.62255743899983
2.80817743111525
2.62205539389584
2.97668512591391
2.92833250117788
2.70797637643179
3.06712878982208
2.98791156140635
2.95213894887751
2.7742015975479
2.78822649637043
2.7553744894407
2.53395488274622
2.64566559875353
2.68895678626882
2.40654701068973
2.42241504383088
2.53579434732403
2.30776409487388
2.31452193890474
2.17977452476548
2.65307130753395
2.37953444061883
2.4265803058502
2.40299402748843
2.44043180512479
2.71884140616104
2.91691869645676
2.77127215604697
3.14302009385346
2.93323846160729
3.1704597952872
3.42569919464118
3.2082099105583
3.46856217873721
3.59812711187947
3.67877546243481
4.01434662997794
3.98096658007507
3.77663958961818
4.04642241923549
