0
1.28573239172156
1.1255485432249
1.43478276155208
1.60193179739438
1.61242167608099
1.36484185217639
1.36632657665061
1.61867423394911
1.25485027478489
1.70839940834711
1.21150571640419
1.53130530658634
1.38281637439112
1.21119223693475
1.33042482747324
1.55093749481258
1.23795631554126
1.5290218794714
1.51368830133047
1.35585386780149
1.42938450866085
1.35544163420035
1.68629265206796
1.6883100612373
1.54890114349263
1.68112300088076
1.93684045226419
1.77884050936831
1.61602006590079
1.88469583814913
1.8790911325826
2.10383509077075
2.35606945098282
2.156081915824
2.34542487033366
2.47310162279679
2.30649285574273
2.24593154992784
2.40331227443328
2.43797608372565
2.74070177378657
2.5292472533629
2.6830820692508
2.50740669885319
2.39663446665917
2.37109744607623
2.50528945956967
2.66141575143141
2.50137024262652
2.28680284053655
2.30147927057856
2.65767866927624
2.58846137657926
2.39577898162773
2.32991866283922
2.13467051600525
2.11423836540963
2.17646198983417
2.194853042155
2.52111410704621
2.38318513297242
2.53348814369501
2.18138282263348
2.26410722899421
2.29500066105371
2.68918302821861
2.41675964940393
2.38560226658187
2.42156514099222
2.90616185747744
2.86351875218872
2.87100904998038
2.91553829699407
2.5404994238267
2.64185764941458
2.88512677828716
2.74426230018388
2.91792899272275
2.67219881917255
2.80519082024248
2.73768445138281
2.52059225722246
2.62521375012519
2.5585831824313
2.43769215451946
2.47289792340645
2.16855332267685
2.25512832642995
2.24111326897353
2.31985520179138
2.00565699070176
2.11149924755038
1.83505856569902
1.59882638271747
1.70961954666058
1.67287519045609
1.93195814063017
1.71386520088463
1.86252131013271
1.84314195229877
1.81660092959583
1.62535941739506
2.01345556090603
1.73709916493856
1.71809790128079
1.86724304420182
1.96661463790452
1.86461596453125
2.01527733209258
1.89886186031349
2.40425886469817
2.14956454334703
2.27632620920177
2.28962041762993
2.34099573628548
2.27792288884019
2.12482505816727
2.22726814188171
2.39821142297193
2.36263583219534
2.41912461008388
2.33571717988967
2.38471184703788
1.91100800490457
2.23091603114162
1.78930223977866
1.67107276577815
1.58397935108066
1.61402410914571
1.71610263736671
1.35246537906824
1.24371172645737
1.16225971166847
1.39134702252379
1.20343280101957
1.29531236073268
0.863831540574626
1.23061518919084
0.935682340336583
0.835227535751154
1.26643289440276
1.09738581818166
1.27398864643308
1.12151556896063
1.46738829873555
1.43880979524658
1.36333591448835
1.37743526259449
1.43921984038519
1.75842497272259
2.01335850185742
1.93277208301223
2.19247580557438
1.92482832978129
2.27766515129034
2.19794475372665
2.26857668963046
2.30764403227587
2.35685794928866
2.45790812829179
2.54910995979993
2.7259820644118
2.31006841093168
2.47137824292755
2.36631963483299
2.69471936984694
2.56160982674979
2.36195277366297
2.40389157999861
2.45959086461454
2.19531761646315
2.29694755014075
2.38534476829511
2.32062477221423
2.03845047829648
1.95757756431046
2.05622481023224
1.75207316246396
2.04557275295093
1.81243695170971
1.97313588137462
1.83334240045194
1.99677179385022
2.20922707492917
2.11491913093551
2.50475458695552
2.5242796240313
2.29743321031312
2.82662983026648
2.65857081987454
2.97504394927341
2.7875917719042
3.10033713088102
3.0656703533702
3.10816030964933
3.54378937668753
3.68699332247866
3.63105431779161
3.61807182760978
3.99859093772658
