0
1.20136742262641
1.112267925799
1.311969806814
1.29981616694187
1.71879615265365
1.76616352973153
1.48567578722007
1.77733389640879
1.89449940100384
1.60981851165672
1.93146837133107
2.05278780908686
1.93444538290178
1.8605788583595
1.791741505642
1.67060527705169
1.8332736603379
1.65287532923205
1.80467415060046
1.90633864111639
1.56495782272405
1.86803568277443
1.39850853723068
1.75064392207863
1.58205425507339
1.77402719106722
1.59726541780077
1.70654215939834
1.62957477606925
1.48152898041093
1.74399353001163
1.40495643604522
1.37822026134316
1.71948567378932
1.54412956286138
1.54070341643144
1.87775095953232
1.43115558838898
1.92860050201073
1.62765055577052
1.82903710467382
1.68767734731347
1.73394596966963
2.07006509796495
2.17146279993609
1.91610909537176
2.19569799033309
2.04621571483864
1.98149122053747
2.43815807004096
2.25223550194466
2.20215001372362
2.68138232110395
2.31872299184588
2.65805369922828
2.65495871289407
2.55762354798591
2.52454667745704
2.90790776827481
2.80755189183979
2.59134584692621
2.89545897174586
2.97415197470447
2.97693597916618
2.60284758331046
2.93030868643679
2.8588598216639
2.83794068389082
2.71171658705899
2.88837037013504
2.4615371731304
2.68184419891769
2.61136854263287
2.70461619889744
2.25995495098938
2.48768286658362
2.15546350899646
2.2158950453582
2.30099318369135
2.30236757020012
2.25219425816169
2.19443928888076
1.99781887232585
1.92661817267963
2.06386185807928
1.68590681926892
1.731712918419
1.90554977691959
1.51130989936023
1.65277371661402
1.7597038847178
1.82583083431496
1.585901092893
1.42671798222406
1.43253272422003
1.9245594153177
1.9749968001104
1.97575369708146
1.72900222966482
2.01639951211605
2.00682708646577
1.99256660911429
2.11295842469533
2.24421051044943
2.42013501791572
2.3080749563601
2.21573458856929
2.65552566654678
2.4595821911433
2.63038174907491
2.84353394048996
2.60280018624554
2.79338880343775
2.60449385834419
2.8037029115706
2.46074128113192
2.74610934118068
2.68508998483219
2.54159814779945
2.65191517347403
2.33748087965488
2.31284687930947
2.07939657492588
1.97230106664842
2.11948055584807
1.88803855576278
1.75068983809014
1.71221885210794
1.80851467858541
1.53888701003794
1.23055391312868
1.07318391688615
1.21452863451381
1.18854895632714
1.36582595343611
0.88709522013405
0.97481606746172
0.929209327931801
0.815084512123244
1.14793438910106
1.10296516625544
1.21389662294183
1.00911154597392
1.36626035291885
1.36297845785271
1.3756957166105
1.44039498129235
1.75433198248252
1.97512321978554
1.97911648254683
2.28500665487351
2.24329180990436
2.15304168920836
2.50217636602341
2.35400698580824
2.8283038236123
2.46713621793785
2.84191548301847
2.86565193572819
2.73177752989973
3.02300586556806
3.13249306354054
3.02732973088472
2.87339375436039
2.94393818302351
2.86480036615833
2.91672093870458
2.63741523204328
2.64926567150002
2.80024746988817
2.65611349341637
2.43282382727067
2.42497511503778
2.17758700593893
2.38053073147064
2.04779346786655
2.2905756806653
2.21718189862702
2.0053136744536
2.30643768648656
2.17026535269186
1.93275850912243
2.30378859496756
2.03794798447195
1.87958562309132
2.26071045833352
2.30516726889784
2.36871221178737
2.43660225443688
2.5162625240061
2.52042728563318
2.84304032650987
2.70303019505897
2.67935615580056
2.99834237822098
2.87385895012172
3.35416880482265
3.5087262445072
3.20791317260731
3.5184193068225
