0
0.933757544403928
1.21407760308419
0.953243832448153
1.26098666052065
1.32250234433557
1.16827446172894
1.45192384989882
1.57910758920989
1.52816864769616
1.17612540117323
1.20757381187142
1.54677368249486
1.53276700443464
1.56152637853557
1.46351531045304
1.28007126191782
1.66235014636613
1.65154076424556
1.42574906513526
1.5242212518031
1.40144716669345
1.2306500159088
1.48255821991217
1.26356514292228
1.51927367011966
1.30832100810962
1.2386115663056
1.64778703907229
1.51303088930503
1.20477855784693
1.36842965221558
1.2381454440044
1.37199402679214
1.45781643815366
1.79083651045884
1.5744017373398
1.66173728598529
1.54923516377923
1.66249227510224
1.55995222692789
1.92583984330299
1.94762870835548
1.6861746067492
1.66080359687505
1.89983912933142
1.96223261020817
2.22962083343896
1.91375032324274
2.03396425633032
1.90505073780762
2.25168734479005
2.24190916870374
2.32277857677242
2.05970417667701
2.03583482766148
2.07760649276973
2.44304533188873
2.45935882122193
2.23312906956979
2.29611614980915
2.20301598788752
2.47707544582234
2.21889291276756
2.46360538484831
2.3071700489996
2.23227702091802
2.26610221650189
2.40260349780498
2.43858094740008
2.31511016938183
2.53676366486689
2.57514178454683
2.15897784632807
2.32810578249493
2.38976988283281
2.28175069052919
2.12330598526285
2.24115095169027
2.00112418599245
2.17158155918912
2.10443003390694
2.05558372367447
1.79198842314009
2.0591864604768
1.82380142936934
1.77332463839438
1.66150194948934
1.54589076279579
1.58613977676833
1.6702595022909
1.52376557050334
1.44578987910349
1.71979740849637
1.37612750511023
1.65267610431376
1.52084641619524
1.82748766893192
1.76626166868018
1.84026094986443
1.53098116419483
1.85367347301108
1.67175771705892
1.87458432553035
2.10545157071222
1.97425965068837
1.91261225765948
1.84173304996214
1.93828476520276
2.31087079919152
2.15559093473594
2.25199525124368
2.30770906594597
2.46798733266794
2.09375375453142
2.4863037618037
2.41404993259423
2.38669179076911
2.44069013062399
2.05553007048224
2.02838321344546
2.00742596968637
2.23175656729442
2.16451262428362
1.94434050937853
1.73405555092622
1.92505818867132
1.57519182080414
1.72781448371832
1.69527207004354
1.29983532807921
1.26671316618089
1.26450842995909
1.30474064022267
1.15441772846866
0.897024759944341
1.11019861864512
1.12576385400958
0.811012798275771
1.0730283919901
1.15230142063691
1.04973083880493
0.936435892359853
0.939444773026133
1.09204017299109
1.29706110655408
1.18745244664334
1.59356485160539
1.75406729484282
1.74684172151639
1.68516232546261
1.82967677730414
1.72552706982942
2.09524382789327
2.31777035647438
2.21042706870205
2.32070976026812
2.33806808801573
2.36519331273955
2.45802196736824
2.36332887244409
2.56817566826928
2.43617193163996
2.65553806613471
2.77607853544807
2.57822643627984
2.70852602395307
2.24908352751947
2.46986892833997
2.26117245336088
2.46606379876448
2.34623555757307
2.52832565245452
2.30649753265486
2.43142810874855
2.31071784244603
2.19007222217075
2.19510709091886
1.89943171004143
2.15969921923214
2.13525408218967
2.00109270372439
2.17930680381087
2.27211760042925
2.08591908794634
2.00920389984644
2.35518993774874
2.41772485765455
2.22849495380401
2.15664229597845
2.3720166050791
2.61222576031371
2.46367408283874
2.80217775759524
2.94923157589667
2.80020866184576
2.98311537874132
3.32171383958863
3.31931937020717
3.36151558472964
3.16825945796855
