0
1.01039242283486
0.771517346480704
0.920761493771204
1.28999322716529
1.36351311821805
1.07177236849754
1.53106780779324
1.58090035433592
1.52928745069499
1.55348714335439
1.52761266140289
1.47649480161215
1.19526718614415
1.64158715704616
1.31426790005781
1.28963602956236
1.20938471738766
1.61178215729064
1.38656366365557
1.62239255240159
1.51954658313607
1.16993035902649
1.17619155560083
1.60115661089349
1.42462133714519
1.34445973384229
1.21009910315062
1.42784215271176
1.64305023515229
1.1972842088467
1.58911474656058
1.25106180502537
1.70165181969242
1.35554447879384
1.78723773626526
1.35815285871853
1.64505119367732
1.86309737093307
1.77020699813724
1.68526919121163
1.56223897586774
1.84818598246155
1.92881848329062
1.64130100244058
1.92562136882584
2.00250655207398
1.82280287796148
1.7412097801299
2.23875845678638
1.86805008968299
2.23189813472576
2.04630798647722
1.99093496628536
1.93123032101915
2.01438478503022
2.41245575357828
2.42006054417331
2.02564744359474
2.27509065541348
2.04854319114004
2.0870228404588
2.04745707609672
2.34700056877558
2.38956178281721
2.26527806421771
2.48684080018713
2.08973173068213
2.28703030551159
2.14838766164301
2.27746202565969
2.0058380018351
2.01718321543928
2.37493010460876
1.96296123759078
2.17365215203983
2.10492433448279
1.86818553280527
2.17709792100869
1.99260422040422
1.95887428301362
1.9857494525691
1.93264877416112
1.73616429698134
1.81335035209392
1.4752322033892
1.7157238870311
1.4097087437284
1.47455737154512
1.23392643810695
1.38405925436889
1.41252062902843
1.3716161595758
1.37420333490732
1.37187544888634
1.50754902654099
1.41670742959
1.09913501128687
1.20671053531215
1.60483601301076
1.18016362948264
1.39506700904814
1.34446765877184
1.36433212258453
1.38669557085365
1.54608248253646
1.82763023816379
1.6229438633662
1.73607029336751
1.97347911223413
1.7681155480148
1.64565208943098
2.04739068088835
1.8977227490267
1.65177024528746
1.69703241575999
1.72194638479948
1.81737759994813
1.95763672084801
1.9254431764776
1.51694420804137
1.79675741996713
1.58416117640339
1.55214622524076
1.62228394147347
1.55486910408654
1.07516097068136
1.35933624616897
1.03534114478641
0.85206002767279
1.14324301747208
0.975413099653215
0.733335016872876
0.674999395662356
0.492790038716999
0.46135203804857
0.648775525261276
0.726420186032545
0.449628573856284
0.70603980383347
0.455895178188397
0.728448195494349
0.406837698629508
0.640020015459559
0.677909752761014
0.548655097432898
0.595108900085433
0.775353871105312
1.12158204339223
1.15469836451501
1.18213327532516
1.07489746680909
1.14125716087394
1.39766463945722
1.70022270795812
1.64878836132537
1.72862688550688
1.61967972354599
1.7961340899508
1.77063538651527
1.91988867165122
2.07628244719517
1.79306328477018
1.70372657412385
2.01038353132263
2.16418242223264
2.05587411371228
1.82837797524077
2.0687597574559
1.94680400285176
1.65308875928153
1.5651166078921
1.74658406941838
1.47546985813695
1.81469337679558
1.5946225242923
1.38544632188324
1.40932675069468
1.19050935917598
1.37980417152787
1.42873331095893
1.44202426627557
1.41732661519652
1.4993570775926
1.64674055057115
1.54436047714947
1.50456240870976
1.80150971687672
1.68440007930053
1.53092977341876
1.54507074692511
1.88448928229535
1.93595812360408
1.95427604222513
2.25379822736763
2.40421482526933
2.2468361337381
2.32544953402003
2.33144329901227
2.70585720332105
2.93736123394063
