0
0.891587724234687
0.998416685441044
0.958993819178273
0.896375628067518
1.31571326048764
0.95291643977242
1.25984253594729
1.40091958405484
1.3828089047483
1.1623101105373
1.09060388737738
1.16638894827936
1.09807015232354
1.43077721498529
1.287698222993
1.42040144830133
1.07301704452324
1.45057011516094
1.15766218600009
1.14972249997384
1.33067119066655
1.2474271111673
1.18873128853595
1.20354728212255
1.42610698688047
1.44400364410798
1.58262297702675
1.21889694758837
1.39077765215598
1.34840216431749
1.6120549390382
1.87242582313493
1.50346688757224
1.86901758162766
1.80457519933956
1.95768407815605
1.88568347725199
1.75261359825843
1.94771758132995
2.28182443800797
1.9143276890286
2.13744547212258
1.90693614002605
2.37298834632262
1.94304016192717
2.41310316173082
2.24873441839952
1.99130971813252
2.32577752867793
2.38163824667467
2.16413513041473
2.43974354820298
2.24043759398319
2.2189406913904
2.19328194459262
2.17731204661262
2.31581535713189
2.24112753707653
2.25657555834406
2.24056794442964
2.56899572502595
2.48330755685136
2.5004454230251
2.48160781265668
2.66126905533253
2.59858947419318
2.46464944662135
2.62916757767772
2.47771246757256
2.5815314687565
2.5745510076529
2.67437080985668
2.53164086282373
2.31562392664855
2.45631851660201
2.57826820508916
2.68875319837369
2.43874364708865
2.56816495439381
2.29335916704015
2.20345141097553
2.51869647618972
2.13949640459352
2.09094184672118
2.05887773282811
2.03066454198155
1.91063121370556
2.18779258252197
2.10571520040614
2.13304685612568
1.67075526557163
1.67146411878363
2.00003874120023
1.74332297120977
1.59714806879797
1.72869864453459
1.4462559785773
1.92100584975163
1.90418796843488
1.68543343680469
1.75416598286469
1.5676440518193
1.81114076127788
1.86873593469087
1.72002077162721
1.95192548441937
1.8372920181808
2.29646558301982
2.33615307390761
2.06457194057912
2.42651046423162
2.19661377170308
2.32944617671554
2.30044536603726
2.3975988635673
2.35011731671772
2.52124464289059
2.45972178588108
2.21111589981127
2.24771974424431
1.99830412118818
2.05747749186813
2.04179220973482
2.04956027991059
2.08428937698314
1.93135303806787
1.64714080172649
1.83967714385589
1.60470932767679
1.64227558835829
1.52910232148538
1.17352006217546
1.44597606177749
1.17028128731346
1.39203168182317
0.923933619729777
0.914978952251683
0.913432205062021
0.906805352650997
0.936242818723148
0.910767063494621
1.00190807239434
1.29315834662853
1.50435720753968
1.42016178090214
1.43863146804186
1.730637489024
1.67739801945026
1.84530420202693
1.57287754457246
2.10297339276123
1.899975873573
2.16433051227409
2.40581937199792
2.07359818523189
2.48142582162433
2.41907507532665
2.72096023886778
2.4825038108078
2.3840576326624
2.51831132270481
2.52688863881826
2.55286401246306
2.81741766002752
2.84455681978062
2.80049351546507
2.39539595358678
2.62849800317101
2.6545455952144
2.52302633536113
2.30465090184365
2.48348940652483
2.27162859105699
2.50822018663702
2.3485031602177
2.34389992229799
2.07429389510797
2.0289470739275
2.25845988010565
2.24663485876728
2.29160485494365
2.25371052121502
2.13326925819207
2.39999957793104
2.61746612751488
2.50493101060807
2.4664583710332
2.60634739389577
2.65354206435305
2.84729274603403
3.00533543275658
3.01654353363666
3.18422471693818
3.50796374903971
3.4412423838395
3.71472070531215
3.78032324780529
3.62362319968018
3.92414408892322
4.12505424314226
