0
0.909012862662215
0.876356578483643
0.665763542917888
0.984542748450975
0.948409517881289
0.953826242405256
0.876396800992199
0.98575533576604
0.838968610437373
1.26389610310438
1.18053609780695
1.24893425476302
0.984438795401378
0.861422784829637
1.34598922808881
1.06763540304415
1.27535993472054
1.13453184875623
1.12077366612364
1.06922220380635
1.15320918232337
1.00873073958492
1.20270500502383
1.07568897846671
0.987330520764175
0.965688251170575
1.02526091638247
1.28170885381407
1.27059779508767
1.38155360010119
1.36370708568858
1.25361183794013
1.13633695352903
1.18668822761979
1.26255476508726
1.24946296815597
1.19565963686831
1.34510927232599
1.28179898845408
1.3566798712151
1.69116685612185
1.64898008039702
1.55677763249835
1.44217457685435
1.46203364892928
1.82323468380614
1.66724283812838
1.91040846268689
1.71608820077408
1.93660371324008
1.81229300904871
1.76728807648831
1.60753698788671
1.61843505723372
1.79115891045621
1.99042314488825
1.62199258824441
2.08343660680158
1.79352782571096
1.70978234903023
1.77270389666092
1.96928397629826
2.00306775354889
1.70294888181795
2.11290198083886
1.99070864377287
2.01904328427107
1.70895043931305
2.06686228086858
1.91310950556041
2.09706961935476
2.0613529895904
2.08004310445756
1.84454736164387
1.70791595538461
1.63836324974678
1.58545248929381
1.8428784003993
1.90995682443362
1.6254664662571
1.78091982527117
1.83250369417636
1.53017590340111
1.58535591271281
1.71281479924651
1.32661988377146
1.1498799244214
1.33192967858906
1.16335809252179
1.4530874683939
1.39398549954847
1.10838793645015
1.34274669024223
1.28550053932773
1.02672565620053
1.07283180730015
1.3898672980328
0.984865797715845
1.35943691426702
1.09743660300891
1.18865587347247
1.25804119867286
1.47653285030224
1.3875426709538
1.50506031461465
1.13822957161892
1.28468255328018
1.42428504230441
1.44850433872274
1.58990197957819
1.38590070296107
1.73094689634183
1.75600258191739
1.4354496012345
1.77158174296726
1.45864418349017
1.39417260271564
1.59803950425254
1.3304901442896
1.28413741481357
1.47132244566396
1.15240942513281
1.16298746853116
1.11209297170443
1.45234147003156
1.17735135210599
1.19571447997076
1.07678211741383
0.672557787288764
0.906446299297854
0.594552488746279
0.842498928280401
0.650658852031948
0.679061364842886
0.479028299862113
0.706773944163209
0.706357104513768
0.69802160251913
0.44535401064533
0.514426805626213
0.39106561909895
0.602196684562854
0.406717292378756
0.891036806515712
0.739729184837635
0.862405787065529
0.758399315504128
0.802381509469292
0.849990273815006
1.00502151563645
1.37077595159948
1.44179982127874
1.28859660227132
1.16233074932821
1.40831550054737
1.44233887258466
1.3211239839795
1.44424668180447
1.46773718590601
1.90579657384727
1.9564102404415
1.62257169107462
1.52636187020253
1.73975650277447
1.79677735959293
1.61888852324451
1.6925847437466
1.7950931073123
1.68728234136554
1.79064342356462
1.7535059038354
1.3003486085424
1.66214025294247
1.51450935656606
1.52064761149185
1.59524288886031
1.19123749785025
1.07166919961383
1.47951006912365
1.16978983190094
1.23452567409153
1.34284208733138
1.25077502105738
1.51752229777336
1.61265177971522
1.32193324388325
1.37230660587555
1.81091422358352
1.7012595866711
1.95424624782476
1.90653214404363
1.90321338550188
1.95188179988487
1.80152757004438
2.37436686656167
2.15562966654584
2.23752115391578
2.53035931767562
2.51088391731826
2.58530881840578
