0
0.473466825783736
0.636844936206645
0.89412748273811
0.832015622157832
1.11715521966989
0.83528895523033
1.13967896404494
0.966577677663606
0.884730863277749
0.931850962671541
1.36687393220562
0.942440575341596
0.894152381299375
1.15951382618766
1.19646562472395
0.979234326956501
1.12135145189945
0.924326725620734
1.28791379290749
1.15782926874137
1.33919197025726
1.38457532378068
1.18415242864677
1.15606406659137
1.36953309961544
1.344572674303
1.47237361822086
1.3017745511261
1.15384271547719
1.46792870462904
1.26507336906998
1.44682901314832
1.14519212462303
1.31235449671022
1.50268845099886
1.66217201742245
1.52041799122559
1.68401039414068
1.57463243322738
1.75039237648975
1.70906634465974
1.80706898790099
1.75433403905927
1.57096795591317
1.73330557171867
1.80333578500158
1.94319793683573
1.67330154940926
1.85498646295112
1.97819500763537
1.72056344327617
1.73547555500716
2.02854665099258
1.91251799454049
2.19951732598644
1.8097350532072
2.16080572037536
1.86247842068883
2.19215310887931
1.87792614163696
2.1824052328305
1.97192732673563
2.18821352546791
2.22194604511775
1.93502869879605
2.30164528623396
2.15154999200153
2.11243196140087
2.37749048072811
2.17796540804329
2.13601014287791
2.31691205094759
2.11088572776542
2.3597182287644
2.21917636285831
1.92488883998579
2.21996868777249
2.02034612446384
1.74982857386853
1.98548844635503
1.92537473710347
2.0396795091353
1.90394422638005
1.95240151993968
1.5424118004164
1.60124473870048
1.54542365763576
1.43287621673889
1.74330620482109
1.59299126043595
1.39035783865731
1.24076587640456
1.62435468657016
1.31351011563745
1.47779213527101
1.25720036544297
1.5816950318798
1.48863285062408
1.45241801266086
1.60474024662022
1.50247868590971
1.60486634708517
1.66561908253551
1.64143329132846
1.77711954590683
1.56491314389806
1.59963048353419
1.77844031270775
1.63546410499168
1.66760624051825
2.11559462778344
2.12144585182129
1.80614688099309
1.90954190741151
2.02271362912262
1.93135424291609
1.99344601553677
2.10293164141809
1.9610221302631
1.89694500312603
1.66441279934826
1.80137787538097
1.59085469056279
1.71235920371085
1.6388349815913
1.52736900280379
1.58240201307982
1.45364208691494
1.47795306261599
1.29810189238106
1.40365321613221
1.2541724347687
1.17252965621453
0.951353057842532
0.909827481460928
0.782963960352565
1.13538925179825
0.77816197693935
0.741471077267241
1.03362257661843
1.00718159530256
0.970536008011367
1.03968278533571
0.932889429146525
1.28320896111663
1.39225990795246
1.48624327219179
1.27502992105553
1.26751200480557
1.67743490988231
1.67162773656796
1.48422348891808
1.85436506878675
1.65601885411801
1.78893878345884
2.20167615204259
2.13293418305999
2.10039709066534
2.14721369547965
2.1897202875061
2.30678345139226
2.28468730596673
1.99467978026214
2.04383044735559
2.41900185004133
2.34764215260641
2.14414694969435
2.2050484482993
2.37655706315942
1.95369804854883
1.89578707278455
2.26949379319942
1.77162317527351
1.75138035941033
1.75783215844756
2.0967934468825
2.00321219180154
1.63356751573198
1.97094321439467
1.72416384658354
1.70641149925393
1.80754406354475
1.84469994856573
2.09475413279595
1.99811706483588
2.18357038614686
1.91439944344244
2.10797287956872
2.04636151271722
2.08816744866717
2.4234941622717
2.49631704513641
2.46611091660705
2.80417277963372
2.63251286488263
3.02763271708695
3.03994889370336
2.93408362521814
2.94977257357309
3.02799350675606
