0
1.10234960754141
1.18574794332592
1.34648829706642
0.78875049059074
0.813091461530648
1.51631340094381
1.53757125615677
0.778773434893506
0.960777087989032
1.25990076044417
1.73371245684354
1.40976986421047
1.40636663726596
1.90028159679148
1.78310621149714
1.07530486877183
1.22483548982638
1.9255952239302
1.67995240045977
1.62061483695511
1.7248562720547
1.12850257241621
1.39571669816982
1.95495907462627
1.09284930349423
1.53294241611911
1.33840370030393
1.29424548724584
1.66913640406204
1.95347654516168
1.44543117623192
2.03716254639784
1.85736536638415
2.1878301566381
1.90975567069939
2.27466668363066
1.66672312185484
1.84246722194432
1.53733907353865
1.92934044426995
1.8835369072273
1.78501004156291
1.73119278116431
2.52026208908224
1.86628226373328
2.2197035778966
2.09646159641318
2.54795135646375
1.96025200505482
2.38165775854141
2.66429402973951
2.49766991316401
2.53047654662871
1.84935251171933
1.73406517814129
2.46175026343635
2.61412487940897
2.47756329043036
2.33736137861344
2.38454617026047
2.19709461680782
1.95577201247882
2.32801424771754
1.93472536855598
2.11868201137875
1.99520588131223
2.10231282422109
2.00858938294219
1.60774143727729
2.14852371448018
1.95126436779563
1.86509463456392
1.45069441586095
2.2595903756344
2.04312852349935
1.89027416242317
1.7874265300468
1.5416061773087
2.03229668139881
1.98699874271038
1.53167146907397
1.27698513829475
1.28884145064994
1.58410167376917
1.40941086019945
1.13511169314908
0.745855481688218
1.26260439960514
0.613868973460598
1.1065961359609
0.362267851784455
0.998008382432941
0.0776998851258317
0.0548805673029717
0.205114331687843
0.0228634448011664
0.366247798968369
-0.108786067716182
0.155915673122218
0.315548417344689
0.198954193482081
0.378704396413475
0.248002710853285
0.720966885612728
0.60389977448373
0.570912680584215
0.639578221098327
0.707878295894995
0.709196616818097
-0.112363776618623
0.222993844999853
-0.23792668855524
0.169853968135359
-0.175472730099122
-0.1322520047411
0.411474236920943
0.224616175632454
0.291890433803238
0.28946951234473
-0.124149871695367
-0.624163167033948
-0.426749112363513
-0.461626355021518
-0.666408556276437
-0.315783013115655
-1.10104600699599
-0.900116864820517
-1.19966554210932
-1.32469641813224
-1.37021249913909
-1.39346404235251
-1.38140505755529
-1.14244487640014
-0.946202558299943
-1.83625063427856
-1.4367182612859
-1.14267889022211
-1.19793031496992
-1.70342925703291
-1.43016323621169
-1.82008400482052
-1.10796213797822
-1.47361786325605
-1.90509180852165
-1.39631785388097
-1.59335496622997
-1.4152456220928
-0.884915205450268
-0.785496821902983
-1.18644299898297
-0.732249254617573
-1.23377213764731
-0.920439340706018
-1.07636214411193
-1.07114542272148
-0.379907695776183
-0.442707049988052
-0.516397425413627
-0.396665812645015
-0.409712184357812
-0.765719375366525
-0.606716622726217
-0.244389381978868
-0.541140120102793
-0.519284506564499
-0.46068027934439
-0.359220266740898
-0.984397675729206
-0.382947309410405
-0.760637536405694
-0.72372947366338
-1.19296325152179
-0.309339350387734
-0.703692546614847
-0.97598104876338
-0.503076763739272
-1.13514728236132
-1.33327480210775
-1.21154882464885
-1.15543803072874
-0.571589001317058
-1.24858360964994
-1.1603888414216
-0.689666285576303
-0.566255714666355
-0.682340030017531
-0.731554511206504
-0.704500748675725
-0.0285802314376555
0.0578258712046666
0.0809640420756811
0.020730346450176
0.0835757970734132
-0.212081059178638
-0.0693451715494846
0.043262774895008
0.314603381887471
0.281348857975112
0.485986659175222
0.406483549438419
