0
1.16351749662533
0.792838440778748
0.69127796255198
0.938105171729655
1.26475229675434
1.63835069838732
1.45959855591967
0.850388449007513
0.814090193199056
1.81047009031805
1.12546896435891
0.956844431981022
1.00626270139194
1.1899137082005
1.48120647211741
1.50134126020574
0.906468449258038
1.50366891323579
0.992380082669024
0.891710167611275
1.21115382594221
1.36656322822267
1.37061556986176
1.05458192467431
1.63543274858353
0.951378093570128
1.7774028889351
1.42314819784858
0.93507675274771
1.29574671657317
1.66545437116014
1.56326538134943
1.56719217464679
1.24714320153598
1.25823963689967
1.43692822181393
1.98768845415017
2.04391511014176
1.66382990091043
1.29877955069192
1.57940083864397
1.52456988210176
1.61505824132681
2.21629520385316
2.20258287196541
1.95786566267241
1.82876929678608
2.208306590869
2.36154551388739
1.48798372559249
1.97938172118303
1.99667805578784
1.9853534288443
2.19394302687952
2.28734118825974
2.37424368253209
1.82522708493575
1.76698172681894
1.7270890538243
2.19374653991397
1.47499531305982
1.8131811760097
1.86200771931824
1.98552801121657
2.02190684488455
1.78766190207738
2.31238231456699
2.20965642763794
2.33303647962216
1.5648701554432
1.85979057734043
2.14379947112836
1.97646027687308
1.64356664540791
2.18485535819998
1.40394678750764
1.77443778405816
1.98113095339051
1.23299174610275
1.09044870279433
0.97926977629193
1.44936668960267
1.19904096793885
1.55168937921201
1.06548685977355
0.904690079730387
1.12563183060893
0.759963049148375
0.133617584511531
0.869678597197381
0.112581321479085
0.299344633899098
-0.073745361894222
-0.171643969248097
0.141574318423247
-0.0298199669592097
0.463640127505876
0.142509409203181
0.524512645793869
0.0198832478374243
0.307006402658048
0.598950781770709
-0.0154048003950176
0.00861879605996332
0.459389397975298
0.595571167086213
0.378087575575741
0.31673544280257
0.908784484331924
-0.0300431877826132
0.0582143662361169
0.293739055420379
0.811724204021427
0.467342655161098
0.876692121601779
0.0428169123788929
0.310305834115817
0.839068743569306
-0.186595298870723
-0.169396719631572
-0.0287926180407595
-0.439381795335633
0.22215396674129
0.110740470229555
-0.163710890797353
-0.841510961163562
-0.315767819426802
-0.846833470936221
-0.921899411896491
-0.857944453161902
-0.534023163640216
-0.721654482872763
-0.739248782014393
-1.45842488462288
-1.41482521647664
-1.29768759410741
-1.78572811570913
-1.93725466010294
-1.50370119610876
-1.99645503103819
-1.4658656204941
-1.13038456016177
-1.59245596703129
-1.77520125751829
-1.28145632109488
-0.992339778490167
-0.759667619441955
-1.38066653187824
-1.04847318995053
-0.525918118283154
-0.763560120801629
-0.955190250760511
-0.466854861047931
-0.0662318174119616
-0.790395858193643
-0.000256022247905441
-0.0498722257294965
0.0734315040492473
-0.568008999422389
0.291492321217578
-0.425172395449888
-0.419456427306367
0.14232661201042
0.322846315861421
-0.0207548334797331
-0.265739563532497
-0.336586713606835
-0.0140945122147901
-0.145165117998612
-0.399016011408799
-0.876910605256056
-0.841854736667627
-0.465659874779588
-0.167744270389643
-0.221077884072273
-1.19549232746429
-0.878395047292968
-0.92709804084473
-1.04479456547299
-1.30560667743001
-0.760732993754374
-1.00961656375806
-0.395091746367074
-1.25346273285528
-0.592488242395555
-1.06174880619711
-0.491883774080455
-0.98667043763384
0.0646942645838674
-0.737352338689892
0.115246567643426
0.310390423393283
0.232954685222784
0.254625115647929
0.0350653761729704
0.490065446789806
0.826879216251136
0.743032274377735
1.1612534868923
0.351198071800174
