0
0.75001345670479
1.16915716324096
0.916538477051652
0.867375368167554
1.32260466053468
1.03094386541513
1.33298826659865
0.965632082742979
1.87163889295706
1.61920315754621
1.37435699166541
1.40941694534689
1.50071843026055
0.890328163903595
1.38737403482109
1.28768019001756
1.72295750483062
1.43406509998166
1.42704951642525
1.13639382594291
1.21354649241644
1.50639054603337
0.821037514501534
1.285153750057
1.18966916808357
0.69372825395857
1.36799077978814
0.840425394777417
1.42886068857692
1.21658838790366
1.17747647390338
1.31141823244767
0.931102379044093
1.8775058515601
1.15302397716043
1.87813737314698
1.22103813737237
1.64735855195003
2.11193115816958
1.2940491050734
1.28296551202865
1.88147062266798
1.53203983146811
1.41272090914114
2.11673158875257
2.15443159444351
1.91482567348471
1.32880161950906
1.90629097271628
1.70620849188417
1.75890633805772
2.12900041022416
1.79840065365017
1.49841767038798
2.14448906383217
2.25515161768367
2.29451264665752
1.88610932802923
1.93539218924457
1.48724199622955
2.26573737051849
1.9148253913122
1.60903096869286
1.55641195597598
1.59955920920764
2.25171499160189
1.72198246398289
1.39605168784012
1.48588490921714
1.7565489873306
2.01641846635022
2.03262171981183
1.34261078105761
1.69174488793539
2.16353890438547
2.11222330428773
1.37484347328627
1.56312519751719
1.13548894396674
1.05343747207286
1.75705918843886
1.58143950281841
1.19566064561809
0.815031122219226
0.428809601981563
0.734988020278984
0.497744281450535
0.272005468457637
0.496899868391091
0.468679604377949
0.291746127242812
0.198528983728004
0.24622111694775
-0.0274901862952787
-0.258615141993971
-0.135160131742712
-0.233466577646827
0.089740346296873
0.36386380150194
0.259725664183498
0.208626966726415
-0.142750271545976
0.105134875088192
-0.048806175738781
0.681133548993073
0.688713623808079
0.0602553160544439
0.594162046858394
0.795203414677044
0.206420765932298
0.841683116956986
1.08501640624371
0.855009936881198
0.717166520302138
0.589865307151164
0.355835698322658
0.684846285610788
0.320949554001153
0.612752120410113
0.793995549405499
0.0776207246562877
0.637779514402711
-0.360118084902465
0.27239577947977
-0.149134261062939
0.138555555994655
-0.322099958695146
-0.22022005727799
-0.49877433548044
-0.925623883122308
-0.535626181345338
-1.3507401567413
-1.54125466811304
-0.993680491432752
-1.47525160097128
-1.60698282351231
-1.05008443033238
-2.05131130212559
-1.15407973083184
-1.84233287345704
-1.51399160524285
-1.85892726943698
-1.81642049252563
-1.18237406659679
-1.00657969149055
-1.53402116955228
-0.982477767344875
-1.28134833622776
-1.40450521273005
-0.480320921353997
-0.83845351529876
-0.923749354403547
0.0491048726492613
-0.663854046508244
0.0237461914956669
0.0218815112165931
-0.17403181427986
-0.247681138439898
0.504903851342005
0.283335851293918
-0.176410154100616
0.398562681371579
0.517639346967049
0.480990587532814
-0.311906069849402
0.297416344758722
0.109836954632463
0.0261583058298627
-0.263295038177721
0.0598498939677214
-0.815174960771099
-0.385258157061364
-0.524550447166072
-0.32256093798137
-1.18134078056535
-0.679389539413497
-1.28082076439228
-1.08025132155167
-0.813853745884595
-0.699011712940668
-0.672373017300008
-0.647389851525539
-0.888375554507274
-0.868834231521791
-0.42507760106981
-1.00698917899455
-0.739425222793213
-0.21673776267376
-0.834080635868924
-0.386808999637346
-0.0182193811331303
0.256491946161128
-0.0956064788000889
-0.303036347365938
-0.199069815350876
0.857350462713116
1.0096959986414
1.04133438116504
0.556655812331083
1.11952490136028
