0
1.58479614494716
2.02315567660868
1.40575712447223
1.04953998175695
2.05469036422676
1.87036472574579
2.30543981254842
1.38441023549465
1.9117241217953
1.7426765274789
2.5211485870563
2.45144357681251
1.4784958433058
1.98167956998785
2.19044719981619
1.43210514925711
2.47364747222238
2.04233787172312
2.55782509338397
2.60435009812971
1.66638560831009
2.06765130626089
2.34599346015537
1.38585788437517
1.96712098828612
2.40227164281448
1.06786605769781
2.31961713725158
1.96247018316574
2.55261286616957
1.78638170093123
2.00898612824866
1.40035277040183
2.59646949429813
1.32428181147031
1.50218332314627
1.62399896574469
2.54146707705789
2.42142060536966
1.62297166645584
2.45076944615934
2.62648949652654
2.83285788267865
2.24085883963549
2.9882343013972
3.05854069966614
1.86204716105544
2.4736452108559
1.88219579585665
3.18063778029755
3.32274328456184
3.32003267303732
2.9938254287605
3.06883534256935
2.93156487031409
2.22187594570684
2.50772594655908
3.06129804694666
2.13326019166167
2.06134580195064
2.47592366570938
2.72487179569506
3.36504008863686
3.09858970773631
2.80410898568328
2.26455843642468
3.26484607645544
3.35364894539229
3.18244856920225
1.87885692351215
1.82568516089922
2.9345488115559
2.9623558214933
2.05911722185777
1.99288199235445
1.80717005413759
1.97316484630141
1.82850465151506
1.19893385496019
1.50083273220825
2.27325047106205
0.912575430303341
1.82905728454198
1.74296156584483
1.82861647891078
1.33661629982771
1.61195595067833
1.01863634732742
1.11602734400972
0.94815815986746
-0.0634970859058781
1.05653961242437
0.154125787252067
-0.132321138813246
0.59805785887267
0.246871780103002
0.967680404199715
0.376042358718591
0.484495787733285
0.000852372776717125
0.497017737882633
0.24835552436107
0.209841876252359
0.0603782880360101
0.958495059758534
0.540825347037055
0.703029914488198
0.762997143636378
0.160947404002775
0.833738455067789
0.751771596918243
0.261654075365744
0.775472346388179
1.42549631193741
-0.00465297369818457
0.190316163040857
1.04860876908726
0.467445406176906
-0.14469000416112
0.265195775776929
-0.0522604156805299
-0.472012139940595
-0.607333562181897
-0.190979054472955
0.227255287122894
-0.424686542504732
-0.418311363315048
-1.30925056647953
-1.09047665634789
-0.625533056526416
-0.501446150409681
-0.818441257247228
-1.81701770850822
-2.19686090800103
-2.06943314147998
-1.76727864288232
-2.27489912499935
-1.4041774465666
-1.08271201385935
-1.31014443438614
-1.53465816284147
-1.96881516590384
-1.26208506639788
-1.04351255954921
-1.69960610011758
-0.925275132652532
-2.14276711593967
-1.38233488965684
-0.72861814521853
-0.515862938202919
-1.16626547861006
-0.973373531755982
-0.797319615002982
-1.12456243465437
-0.812393952463927
0.348265725295582
-0.70409469799455
-0.758873185698819
0.21716002179486
-0.452004112806742
0.664942566066691
0.405635985698754
0.248660890975903
-0.189530265019431
0.297510199023649
-0.595688064506221
-0.692902874735467
-0.12397628419485
-0.0672965927243798
-0.224067391256603
0.199047102392416
-0.710448948337198
-0.649978775942268
-0.73168224780745
0.00955260359921684
-1.4361109970939
-0.424189787624452
-0.537189897709395
-0.978893154094663
-1.23085277257522
-0.481568304791648
-1.66852216117882
-1.43169868136179
-0.938767803400205
-0.454049532024871
-1.25994154337084
-0.157874516610981
-0.338094683654639
0.0189012264477912
-0.0922055782351456
-0.847883921418362
-0.200629867345091
-0.717162016394126
0.328044105025513
0.649039666220866
1.10742700522734
0.119357126629861
0.144373241981998
1.5014651737928
1.47668894911185
