0
1.17534281086541
0.612481830496866
1.31287297119149
1.43114841875779
0.909086534210369
1.51102393916943
1.05948911301081
2.31988068020355
2.31693690355682
1.38006960221467
2.34842807760002
1.55063886768918
1.85487597332716
1.69161096157017
1.92853700317939
1.75649307449507
2.26781080922395
2.11063633818302
1.42286432290421
1.62179990787241
0.993398043407713
1.3203431141088
1.45038725090366
1.67583567028748
2.0039104018299
1.78683289142523
1.18936112955451
2.03074583542939
1.59310371400831
1.97123945691027
1.88995971015178
1.06894545722266
2.11441326931632
1.49297594375396
2.33701917659525
1.08078135868407
1.16797018826437
1.24080157651234
1.25998524455388
1.34792346635876
1.23147296425026
1.42583926892387
2.18292817374417
2.66446601217088
2.22736160789022
2.06939150989985
2.7073448719833
2.28953151872887
2.52015134557983
1.42004916314036
2.72320183522705
1.82817682564993
2.34160376138782
2.79787655855395
1.5491474461593
2.54090670553582
2.14611765031194
2.87101555197267
2.00413953031942
1.58804489906347
1.9014957610194
1.86924050063775
1.91956719320378
2.71429397798675
2.82297640846838
2.74110190701095
1.59542115163689
2.3793678665503
2.55250131795315
2.25830790393094
1.7037648415625
2.33587261641909
1.78575085621208
2.56590564519853
2.13741353618896
2.15031970100093
1.34056982539934
1.17284931252757
1.7965346682467
1.66134006504448
1.6607397226341
1.37561983006763
0.807585926528204
1.36721777994613
1.74736799663668
1.10866223549049
0.66674329291299
0.738486278417376
0.515131989943747
0.719166047307749
0.808743942064552
0.455529342432658
0.574466080997824
1.16918950953294
0.604773215487275
1.07746702144922
0.946858773307752
0.172942123533703
0.796950497687105
1.15038476865739
1.2220165149786
-0.221137713910842
-0.119162948437612
0.764945253428981
0.6664584060199
-0.0958372330457544
0.441216468812765
0.0684487179466952
1.28707017358523
0.324389655240725
1.4425673705659
0.231437909068025
1.34772787232813
0.614962709056789
0.469792732120033
0.861596469830443
0.330525640397915
1.03445526506092
-0.0924275580289742
-0.146620231052059
0.331054678337693
-0.161497543556797
0.547767225897967
0.163210287668198
-0.625099419610029
0.513680014910855
-0.885422885601699
-0.498514143352576
-0.848402661689681
-1.07274968868161
-1.29361618272837
-1.05920847012568
-1.33516771417873
-1.60404039803325
-0.842591900782856
-1.0529906709753
-0.690928637616276
-1.31721971581668
-1.16796066471351
-0.653663402343451
-1.11573175486193
-2.06333425094169
-1.13625969379329
-1.26023905633777
-1.43752249281894
-1.41460644375408
-0.649195702932054
-0.623260241076511
-1.18593630741732
-0.809984410740436
-0.486245251131883
-0.510011778970374
-0.705170682332469
-0.740843201577558
0.310527282704407
0.0865775025616667
-0.312891578907432
0.513795329048456
0.499814295101659
0.68363884046631
-0.0181561223937895
0.0900573820191157
-0.361551800312343
0.474301051808204
0.187661846257783
-0.334408236839256
0.499658329762423
0.412568946105916
-0.543088647320518
0.501804542724409
0.406025972778244
0.212069361352683
-0.874871124982808
-0.600812019661264
-0.0233251559453298
-0.739340190078162
-0.830870383026444
-0.925463608251261
-0.701048290181089
-0.0376734455506866
-1.40532568805309
-0.0296013412825942
-0.464238464431646
0.018377123340966
-0.232784031836076
-0.988761050836036
-0.517262517246869
-0.839108782233829
0.197346754584167
-0.184023333647227
0.582759068607587
-0.655242977022967
0.285127937001208
-0.130689715688453
0.899587095789173
-0.102592156417115
0.0209034914330605
1.14817826661816
0.54387694984729
1.11947452900931
