0
1.17970915332701
1.40519506438023
2.05552291002229
1.76285446879015
2.07159805885326
0.91207943927172
1.28047477864725
1.61996725557475
1.60876317524614
1.94847683541693
1.25533450462028
2.21656358150532
2.22877148319549
1.21856462155655
2.19593699537154
1.24630867159453
1.0644732219293
1.71167844643756
0.969689064338478
0.916740561587401
1.58960529828824
0.768476820701288
0.958590935961645
0.984923551791849
2.2026316621285
1.58938348912533
1.86734156786482
1.74060230928451
0.760964975266449
1.69427564750605
0.984424506718646
1.94390179649187
1.569598729754
1.83762210649833
1.39829835346563
2.21705839346015
2.32336969198107
2.37582191299786
1.66365106013496
1.88420539016563
1.49476824179873
2.07660554863536
1.40756632435455
2.74867901941734
2.15606719271404
2.3615118338976
1.86643419684974
1.7986686423781
1.72925443748041
1.97391446456313
2.84699393285018
2.8365783212284
2.15852432276756
1.57046934058121
2.11219808727159
2.03453095872936
1.51062473076225
1.74165641035175
1.69757201966848
2.92219410740555
3.01003537248519
1.96995909584165
1.66742222267364
2.3169183814022
2.51846804403866
2.0338581614048
2.31947129811918
2.70346637940911
2.46459218341105
2.86322251363854
2.84010402746884
1.56439034898773
2.72476659537395
2.34406004060112
2.40804695476705
2.65734187026795
1.44775397494991
1.06588121093623
2.23868568914476
1.2299089312865
1.31489189778867
1.50094980546213
1.05678424440012
1.66121853067667
1.72479120600402
0.607206364998798
0.492179884315215
1.52446621398183
0.898254393448018
1.35019683934907
0.894378514258681
0.570271005604584
0.404806750769178
-0.351010188122738
1.07328525428899
0.136894954105045
0.119562119160028
0.75491426839554
0.475331823346511
0.501059678755701
0.123211668054896
0.576761288253844
0.810096486201018
0.680138909009405
0.556453477956561
0.962353575978462
1.13429463957099
0.694632549135106
0.934812596058906
0.441766372842986
1.39743737310741
0.290300357828378
0.422760784248338
0.92630888031352
0.940644079764647
1.61150554507818
0.554804332764525
0.352354209383694
0.936723487549367
0.811192325750872
-0.110287026898628
-0.246237367643907
0.255168881841348
0.0823251742652116
0.0833451957497622
-0.750304287697286
-0.260060624476415
-0.398821953516789
-0.629098784682457
-0.557528069533508
-1.60293595510994
-0.620551028567496
-1.03925029577068
-0.772802966756307
-2.00305197554361
-0.964418625883436
-1.65036435391201
-0.972052720004207
-1.8928942642697
-1.5000863137354
-0.923346384493194
-1.02379277363369
-1.92848511335487
-1.82927643615776
-1.06793631834119
-0.451447998569538
-1.5479798622355
-1.46466498263586
-0.866996390408362
-1.32835100833327
-1.06185815818356
-0.740882142343506
0.466719463387313
0.294052725850291
0.221760422292982
0.736937372619308
0.392271796119315
-0.08723922697192
0.82176894125816
0.590438701000926
0.0846075774081774
1.03714352330713
0.842526748765507
0.0943815808196662
0.402541911647492
-0.426590053197727
0.648402082995573
-0.484224012300686
0.267572913624933
0.617073372367839
0.445360491233205
0.359781138711155
-1.05119024210181
0.153119495341204
-0.728589104478457
-0.473796187016427
-0.738395291316937
-0.827865923744252
-0.593365158162459
-0.610472273951062
-0.306422177660257
-0.78126134584325
-0.279980236008627
-0.680094401216744
-0.523987593869238
-1.11077473829078
-1.03080208689041
0.16097057520671
0.115109451595574
0.291610850223975
0.0644536643197638
0.672924614631215
0.388848809436441
-0.0288288780702818
0.297542022249893
0.938793668322677
1.30571454549321
0.295462256133234
0.527292727228707
0.724969058390709
