0
1.19759128352245
2.05413543842256
0.681822936530095
1.5182234042994
1.65912638064395
2.23972676684504
1.27680983359955
2.01591962384834
1.90910619088329
1.61566871502218
2.29754909782335
1.92154255873062
2.20508931737018
1.20283712660681
2.25755360412675
1.56704076724859
0.892604926190513
1.38738296015822
1.58945473793873
2.25271170375276
0.800577798692878
1.23673153485828
1.25810346248969
1.53413790588584
1.57599770183993
1.75939236441167
0.820332259150616
1.45675762022573
1.97006504409079
1.11672342365824
1.93864223658052
1.24660333459429
1.58020855171539
1.29189264469552
2.35046266433556
1.45507789841787
2.04509213422335
2.20906455333048
2.7870975276829
1.55118158472129
1.68462303536164
2.79554452813334
2.83163899591982
2.94995547890851
1.57313716793473
2.97439253954433
2.20591017580134
2.46810189040608
2.03846487082963
2.08167022978887
2.9802356777868
1.70187588057248
1.58305488581649
2.70555542904655
2.20677489509996
2.32953324050278
2.73078197214787
1.95418762757137
1.98302186481814
2.34645565409929
2.30963156514817
1.66055553246575
2.45534330359663
2.24227794161898
2.17857670736145
1.5344316226556
1.77110039869951
1.62937426618883
2.90598378289509
2.26693577434788
2.98380408608575
2.82283751375566
2.9005570156466
2.08574071986942
2.40775674254505
1.86906065239382
1.48761378826758
1.75425982866929
1.41406026703589
1.51301170700865
1.42203560904163
1.50406938403813
1.15703700451073
1.09301440607586
1.82593959908392
0.390369075482531
1.22225260571377
0.856036865684617
1.04633051995192
1.06680561556835
0.693716888899263
1.19282396064691
0.433008504659751
0.482431521757102
0.145071628305248
-0.200972237555747
0.0461037363612048
1.01036328963289
0.0659914748383886
0.274645581282675
-0.195714495015095
0.0213261248170085
0.23578480132294
0.674242267270336
0.0868863032363939
-0.0875157343782696
0.0555351717247776
1.01672457562234
0.295996339163454
1.09772922935541
1.3400730427941
1.25385963905442
1.37717774842619
0.453876257400633
1.56452866677289
0.192060288518247
0.289089719507362
1.21288307615316
0.0534116003234091
-0.149015872568657
0.407029642189184
-0.215897999590469
0.595176220368918
0.245792108105264
0.346490284899795
0.493730718446696
-0.0278422271657461
-0.417830572394561
-1.30221064629905
-0.265764635744636
-1.59945605026857
-1.63852607878482
-1.826997557098
-1.97206301795967
-1.1138881635679
-1.59490190539384
-1.32622616014663
-1.98445765684372
-1.49085395907005
-1.68835533658759
-1.20237855423338
-1.1133652040677
-1.34446342392146
-1.13516248462331
-1.70187321865675
-0.73214307515975
-1.79142158702381
-1.09599830738941
-1.4907253439349
-0.422914911992849
-0.29244804363839
-0.338134106875166
-0.76259345321905
-0.657063920114997
-0.0306278933819575
-0.437090576246653
-0.390247039502619
-0.0217399502955755
-0.339023937883134
0.467717048773687
-0.134400068075212
-0.50853452598652
0.304420629454122
-0.153147334847195
-0.428076957773745
0.118377432139503
0.699645418856229
0.368112911617358
-0.249436211238059
0.36401548253156
0.255423276588608
-0.607466269486392
-0.0862151212446702
-0.046781052954975
-1.26899982522114
-1.11820284033485
-0.985762657110329
-0.301260535013048
-0.101906594002359
-0.269068844554611
-1.17636827358892
-0.697559742772845
-0.359347631634698
-1.45751600829659
-0.742568515863311
-0.893749380420125
-0.992200057982634
-1.14308347818886
-0.841337096681266
-0.19570358847049
0.229672243962338
-0.652297821360258
-0.453795986543506
0.119847119543368
0.69770698509743
0.978178243318381
0.323955707128603
1.44035535252858
1.39915369369408
1.61117244940251
