0
1.72327545430875
1.56076789400034
2.0350738598662
0.904021903939266
1.45094629602216
1.74114059009725
1.34649831728299
1.12626548206818
2.1143120079469
1.69966905138356
1.54636358709546
2.00934414999362
1.10615090270906
2.33909973117965
1.76186200365921
2.09006149475622
1.80341514366031
1.51323881518218
2.31439571537048
1.83910197274942
1.22130707147217
1.60182178360319
1.09173904479634
1.20496162477763
1.1044819783358
1.52518568190012
1.36136494497076
1.10164578763243
1.96503663314549
1.70678618178107
1.03283351004578
1.34645860362311
1.06958412237978
0.985826761959584
2.37060466632281
1.04745920739941
1.87693397172225
1.97894343825657
1.65432859417085
1.43673862785144
1.91866615399789
2.38287903167786
2.27838008425856
2.14154387674701
2.61655698396602
2.21236773013135
1.78486664224453
1.38713369986548
2.0297068413896
1.46708365678787
2.3248316349246
1.62743283889059
2.02982574825903
1.72626084816508
2.54812328003722
2.60466008411335
2.90632666727951
2.67481665500207
2.4254112903361
2.84358486720762
1.90775601590541
2.56725004608692
3.01001117128989
2.0862015735318
1.72497840638999
2.63448770009336
2.64403165868183
1.67243071971154
1.92124557765333
1.93860881768207
1.61223493110984
1.36779373631392
1.80856787325695
2.1726374129647
1.7400977429839
1.63454070727888
1.26666645801034
1.40159096951643
0.931258609576566
0.839887303509879
0.996310706222793
0.735573725278851
0.635380161727894
0.893479772233023
0.701050782490427
1.43055737617935
0.742515598397851
0.310014069626895
1.19325558187715
1.41313854129528
-0.0983459628174615
0.196905499351362
-0.0735856800929317
0.232502801406727
-0.231781610749986
0.673105975995521
0.96027340863074
0.447821663384802
-0.310876557115224
-0.272643953282386
0.368160482264354
0.960307321241295
-0.16487651840655
0.525636489202247
1.09569354960689
0.297826785670909
0.786112079864235
0.173571982661771
0.273991654907726
0.854209064603696
1.07239588882244
0.432830054429776
1.48636722740647
0.581220395317876
0.164851766162094
1.38485925278412
0.979942953213701
0.621455046490689
0.904439538488261
0.530817518639249
0.310404307825535
0.372312200730485
0.859628823365181
0.316744689807682
0.409023338003629
-0.529873463639311
-0.398465394226193
0.0752731872972172
-0.434051115484101
-0.810429068673798
-0.604171719959635
-0.61590834214259
-1.66878737301396
-1.23734028707622
-0.68581097660047
-0.652922383703293
-0.659446734569907
-1.37448619983137
-0.721023316019901
-1.18884443297452
-0.919119057301591
-1.39204466354829
-0.948298306345277
-0.969159373574105
-1.39377332802902
-1.42353469474116
-0.320737177225972
-1.20801330132426
-1.28565951704429
0.0387481291778373
-0.0990422674097922
-0.503402638540729
-0.916249214838249
-0.292404461242153
-0.486312115161871
0.703626540040531
-0.135210766131344
0.516284671868355
0.685783787522213
-0.385019881166946
-0.288309062342974
-0.429199254946904
-0.296275512350592
0.491476338350828
0.741829130888022
-0.473307762001089
0.640783565934652
-0.512298673654418
-0.588542798783281
-0.119129307105771
-0.0601760501952038
0.400274487560005
-0.694574953060571
-0.322717049040095
-1.08916827755964
-0.166696005734645
-0.654935640821599
-0.366124742449569
-0.848067022684145
-1.21037887562249
-0.574030131664296
-0.797656692733633
-1.09251571639422
-1.297775466986
-0.501093703267856
-0.926050344691464
-0.625421078647938
-0.0823832674605494
-0.394996510140892
0.142269649143392
-0.0317712013802945
-0.361999398387811
0.87006344892926
0.424446606355383
0.54433562660546
1.3210847045673
-0.0443742773315843
0.437675618823379
1.57600176349337
1.03030082881451
