0
0.473756164624481
1.26478627780976
0.695466639756391
1.95682385166977
0.895554544708568
2.11930631610042
0.828739458209178
1.28929205176046
1.39990894484876
2.23000465159902
1.61304288790514
1.84594989558131
1.18239042220907
1.56511388079847
1.3539358392326
1.61065592713469
1.73311843407479
1.33449441252647
0.666536943785294
1.53387832810181
1.4744719142162
0.923745416246541
0.580887009433445
0.685981708367134
1.83757523003399
1.76839367187076
1.59044452494134
1.35432728311854
0.783556366779116
1.67560743765075
0.648545278164354
1.59019088556786
0.775997889636631
2.09638943811733
1.11565317188194
2.20580630037989
1.20230034903747
1.34627698050264
1.15381506332836
1.21704712846205
2.23903916649796
2.26785658522721
1.06095562947442
1.22377379631357
2.15353361756579
1.32771179504871
1.03782311737305
1.22214222403683
1.53530186066065
1.14271080680192
1.38395528204204
1.34462062704114
2.45594969190185
1.43433290856006
2.12157993436868
2.52888975892089
2.55859356858061
1.41376715111978
2.05216793076869
2.62178494058796
2.08339320330111
1.60529069864856
1.7527034867256
2.42287881368555
1.33543470480045
2.11282507001213
1.51623308598981
2.17500772744394
2.09904136728432
1.83350255650273
1.73980790601871
2.00094891492258
2.4984796993411
1.61739988992904
1.2572234009675
1.78432994836001
1.80138465136194
0.867201850855421
1.11064245652696
1.98673290926338
1.65647944796282
1.07169579251675
1.75313822842722
0.895080414815715
0.759462693295581
1.26512340334895
1.17714686291383
0.293306885588031
0.943934051373399
0.411471350679705
-0.0325796911873359
0.0595388206010823
0.697439877225697
0.71610647531273
-0.216976159798318
-0.305897164086217
0.111590641883758
-0.127521769860226
-0.223105739526929
0.7873809219338
0.773313081804681
0.753250415575803
-0.0378613068203884
-0.0633175237941841
0.608128612479152
1.05445028019082
1.03229280443484
0.617839673959365
0.177796030737078
0.394631178954085
0.636454439386608
0.511072785024755
0.93134432114701
0.865375699152335
1.10407866671426
0.774102991150123
1.40121288846357
1.02427051411034
0.109036641521737
1.25154667404174
0.3318862506574
-0.18204013490432
0.260993026204195
-0.390675531660774
0.731943885577921
-0.0742815938775614
0.115498660843749
0.385882584445644
-0.158631185275408
0.0182039851062903
-0.400515263021527
-0.540108306977937
-0.483016754240968
-1.56405251595922
-1.14191824874072
-0.558928281674132
-0.457161215650526
-0.704625207406885
-0.467263556966776
-1.0038996926906
-0.620349147694531
-1.46215964357829
-0.515135767859557
-0.377382272249952
-0.634459014970093
-0.568114688443573
-1.02428799653084
-0.11761057086239
-0.123076797529605
-0.962578119710089
0.308274267186314
-0.404424074676284
-0.050286942791282
-0.371241921290593
0.927036254597824
0.490808122041782
-0.144949698344039
0.0692011976875695
0.965329043643111
0.300645478806645
0.115546329475593
0.123171280572363
1.22722563242113
-0.213374505237031
-0.0511978126424325
-0.308015435699693
0.590401012378577
0.183847990571039
-0.372017950960922
0.465129669838506
0.323048303211593
0.0586934108464389
-0.744601439258769
-0.51449337381372
0.315761626949232
-0.916819194969773
-0.0449558127054233
0.135453141040628
-0.762549696333495
-0.2641639897694
-0.00539446064075566
0.0560135764588732
0.127089687252191
-0.557505816640622
-0.64912287620175
-0.487817170085717
-1.06473978002025
0.169222552230231
-0.770812210018515
0.215077963064972
-0.477011906149387
-0.526538373542654
-0.457832717445573
0.602206407474081
1.11974784840787
0.513415468552789
0.345041696432581
1.07387781302881
0.233842837055548
0.507670635078104
