0.5489  18.6322 0.71524 4.5400  1.9424  1.0     1
0.6609  18.6368 0.71601 4.5447  1.9451  2.0     1
0.7740  18.6432 0.71567 4.5417  1.9415  4.0     1
0.6609  18.6453 0.71601 4.5438  1.9427  6.0     1
0.7740  18.6476 0.71640 4.5462  1.9441  7.0     1
0.9980  18.6499 0.71666 4.5477  1.9448  8.0     1
1.1099  18.6537 0.71666 4.5473  1.9437  9.0     1
1.3339  18.6530 0.71666 4.5473  1.9439  10.0    1
1.5579  18.6553 0.71666 4.5471  1.9432  11.0    1
1.7819  18.6530 0.71640 4.5456  1.9425  12.0    1
1.8939  18.6507 0.71601 4.5432  1.9412  13.0    1
2.0059  18.6514 0.71601 4.5431  1.9410  14.0    1
2.1179  18.6468 0.71653 4.5471  1.9449  15.0    1
2.3419  18.6199 0.71601 4.5465  1.9498  16.0    1
2.4539  18.6145 0.71575 4.5453  1.9500  17.0    1
2.5659  18.6153 0.71614 4.5478  1.9518  18.0    1
2.6779  18.6130 0.71666 4.5516  1.9551  19.0    1
3.0149  18.5784 0.71666 4.5554  1.9649  20.0    1
3.1269  18.5576 0.71640 4.5558  1.9694  21.0    1
3.2389  18.5191 0.71730 4.5662  1.9850  22.0    1
3.4629  18.4760 0.72519 4.6248  2.0381  23.0    1
3.6869  18.4159 0.73295 4.6846  2.0955  24.0    1
3.7989  18.3565 0.75132 4.8174  2.2084  25.0    1
4.0229  18.3133 0.74149 4.7548  2.1692  26.0    1
4.1349  18.3040 0.75443 4.8449  2.2396  27.0    1
4.3589  18.2986 0.76517 4.9195  2.2974  28.0    1
4.6949  18.2901 0.75934 4.8803  2.2693  29.0    1
4.6949  18.2901 0.76167 4.8964  2.2815  30.0    1
4.6949  18.2909 0.76258 4.9025  2.2861  31.0    1
4.6949  18.2909 0.76141 4.8945  2.2800  32.0    1
4.8069  18.2932 0.76038 4.8871  2.2739  33.0    1
4.8069  18.2909 0.76077 4.8900  2.2766  34.0    1
4.8069  18.2886 0.76284 4.9046  2.2881  35.0    1
4.8069  18.2893 0.76413 4.9134  2.2947  36.0    1
4.9188  18.2909 0.76439 4.9150  2.2956  37.0    1
