0.6609  18.6105 0.86055 5.5394  2.7066  3.0     1
0.7740  18.6100 0.86029 5.5376  2.7054  5.0     1
0.9980  18.6105 0.86185 5.5483  2.7134  7.0     1
1.1099  18.6120 0.86133 5.5445  2.7102  8.0     1
1.2219  18.6159 0.86068 5.5395  2.7056  9.0     1
1.3339  18.6166 0.86172 5.5466  2.7108  10.0    1
1.5579  18.6166 0.86146 5.5448  2.7094  11.0    1
1.6699  18.6189 0.86133 5.5436  2.7080  12.0    1
1.8939  18.6128 0.86172 5.5470  2.7119  13.0    1
2.0059  18.6120 0.86197 5.5489  2.7135  14.0    1
2.2299  18.6120 0.86133 5.5444  2.7101  15.0    1
2.4539  18.6105 0.86159 5.5464  2.7119  16.0    1
2.5659  18.5959 0.86172 5.5492  2.7170  17.0    1
2.7899  18.5920 0.86185 5.5506  2.7189  18.0    1
3.0149  18.5667 0.86133 5.5504  2.7238  19.0    1
3.1269  18.5297 0.86158 5.5571  2.7363  20.0    1
3.3509  18.5089 0.86120 5.5571  2.7405  21.0    1
3.5749  18.4843 0.86081 5.5577  2.7459  22.0    1
3.6869  18.4674 0.86042 5.5573  2.7490  27.0    1
