0.7740  18.6382 0.73141 4.6494  2.0244  3.0     1
0.9980  18.6566 0.73145 4.6476  2.0194  4.0     1
1.1099  18.6751 0.73150 4.6459  2.0143  5.0     1
1.3339  18.6935 0.73154 4.6441  2.0093  6.0     1
1.4459  18.7158 0.73322 4.6531  2.0116  7.0     1
1.6699  18.7258 0.73348 4.6537  2.0101  8.0     1
1.8939  18.7204 0.73322 4.6525  2.0103  9.0     1
2.0059  18.7051 0.73348 4.6560  2.0160  10.0    1
2.2299  18.6951 0.73413 4.6615  2.0222  11.0    1
2.4539  18.6866 0.73387 4.6606  2.0233  12.0    1
2.5659  18.6643 0.73335 4.6596  2.0269  13.0    1
2.6779  18.6451 0.73439 4.6688  2.0378  14.0    1
2.9029  18.6236 0.73710 4.6897  2.0580  15.0    1
3.2389  18.6021 0.73477 4.6762  2.0520  16.0    1
3.4629  18.5798 0.73477 4.6787  2.0584  17.0    1
3.5749  18.5706 0.73749 4.6982  2.0751  18.0    1
3.6869  18.5506 0.74072 4.7226  2.0976  19.0    1
3.9109  18.5390 0.74188 4.7318  2.1070  20.0    1
4.1349  18.5167 0.74033 4.7237  2.1052  22.0    1
4.3589  18.5067 0.74576 4.7620  2.1364  23.0    1
4.6949  18.4759 0.74770 4.7788  2.1553  24.0    1
4.8069  18.4366 0.74499 4.7647  2.1523  25.0    1
5.0319  18.4235 0.75391 4.8274  2.2027  26.0    1
5.1439  18.3765 0.75676 4.8524  2.2310  27.0    1
5.2559  18.3564 0.75973 4.8752  2.2523  28.0    1
5.3679  18.3471 0.75210 4.8238  2.2150  29.0    1
5.4799  18.3456 0.75973 4.8765  2.2554  33.0    1
5.5919  18.3440 0.76206 4.8927  2.2681  34.0    1

