0.3249  19.0970 0.88439 5.6387  2.6825  17.0    1
0.5489  19.1108 0.88064 5.6111  2.6588  18.0    1
0.4369  19.1230 0.88582 5.6449  2.6819  20.0    1
0.6609  19.1436 0.88867 5.6617  2.6903  21.0    1
0.8860  19.1535 0.88854 5.6594  2.6866  22.0    1
1.1099  19.1474 0.88867 5.6611  2.6891  23.0    1
1.2219  19.1444 0.88867 5.6615  2.6901  24.0    1
1.4459  19.1352 0.88698 5.6512  2.6842  26.0    1
1.6699  19.1276 0.88892 5.6655  2.6966  27.0    1
1.8939  19.1162 0.88776 5.6591  2.6941  28.0    1
2.0059  19.1017 0.88556 5.6459  2.6871  29.0    1
2.1179  19.0856 0.88737 5.6605  2.7015  30.0    1
2.2299  19.0619 0.88685 5.6601  2.7061  31.0    1
2.3419  19.0444 0.88581 5.6554  2.7061  32.0    1
2.4539  19.0322 0.88724 5.6668  2.7173  33.0    1
2.5659  19.0283 0.88581 5.6575  2.7110  34.0    1
2.6779  19.0192 0.88607 5.6605  2.7152  36.0    1
2.7899  18.9939 0.88620 5.6648  2.7236  37.0    1
3.0149  18.9756 0.88594 5.6654  2.7279  38.0    1
3.2389  18.9626 0.88426 5.6556  2.7231  39.0    1
3.3509  18.9610 0.88529 5.6629  2.7290  40.0    1
3.4629  18.9511 0.88400 5.6554  2.7253  41.0    1
3.5749  18.9159 0.88374 5.6583  2.7348  47.0    1
3.6869  18.9159 0.88374 5.6583  2.7348  48.0    1

