0.4369  18.2862 0.77588 4.9951  2.3574  19.0    1
0.5489  18.5545 0.77770 4.9756  2.2892  20.0    1
0.6609  18.6422 0.77318 4.9342  2.2402  21.0    1
0.7740  18.6905 0.77473 4.9391  2.2342  26.0    1
0.8860  18.6913 0.77823 4.9629  2.2521  27.0    1
0.9980  18.6905 0.78030 4.9771  2.2631  29.0    1
1.1099  18.6928 0.78172 4.9866  2.2698  33.0    1
1.4459  18.6882 0.78211 4.9898  2.2732  40.0    1
1.8939  18.6613 0.78185 4.9912  2.2796  43.0    1
2.2299  18.6337 0.78236 4.9980  2.2904  44.0    1
2.6779  18.6076 0.78171 4.9967  2.2946  46.0    1
2.7899  18.6060 0.78210 4.9995  2.2971  47.0    1
3.1269  18.5983 0.78249 5.0031  2.3013  48.0    1
3.5749  18.5898 0.78210 5.0014  2.3018  49.0    1
3.6869  18.5883 0.78184 4.9998  2.3009  50.0    1
3.7989  18.5852 0.78378 5.0135  2.3119  51.0    1
4.1349  18.5614 0.78417 5.0190  2.3208  52.0    1
4.4709  18.5314 0.78443 5.0243  2.3309  55.0    1
4.6949  18.5106 0.78533 5.0330  2.3417  56.0    1
4.8069  18.4744 0.78469 5.0329  2.3489  60.0    1
4.9188  18.4744 0.78456 5.0320  2.3482  61.0    1
