-0.310000
-0.419999
-0.529999
-0.600000
-0.629999
-0.670000
-0.720000
-0.800000
-0.939999
-1.019999
-1.120000
-1.210000
-1.460000
-1.570000
-1.700000
-1.830000
-2.069999
-2.190000
-2.450000
-2.569999
-2.700000
-2.990000
-3.269999
-3.390000
-4.059999
-4.469999
-5.019999
-5.590000
-6.179999
-6.369999
-6.780000
-6.989999
-8.010000
-8.260000
-8.399999
-8.750000
-8.800000
-8.909999
-9.220000
-9.300000
-9.380000
-9.659999
-9.750000
-9.869999
-10.300000
-10.399999
-10.600000
-12.399999
-12.800000
-13.300000
-13.500000
-13.600000
-13.699999
-14.199999
-14.399999
-14.600000
-14.699999
-15.199999
-15.399999
-15.500000
-15.800000
-16.000000
-16.200000
-16.700000
-16.700000
-17.299999
-17.799999
-18.100000
-18.500000
-18.500000
-18.899999
-19.100000
-19.500000
-19.600000
-19.700000
-19.799999
-20.200000
-20.399999
-20.799999
-21.000000
-21.200000
-21.500000
-21.700000
-21.899999
-22.100000
-22.500000
-22.799999
-23.000000
-23.200000
-23.299999
-23.399999
-23.399999
-23.600000
-23.700000
-23.700000
-23.799999
-23.899999
-24.000000
-24.299999
-24.500000
-24.600000
-24.799999
-25.000000
-25.100000
-25.500000
-25.600000
-25.899999
-26.000000
-26.200000
-26.299999
-26.399999
-26.600000
-26.700000
-26.799999
-27.100000
-27.200000
-27.500000
-27.799999
-28.100000
-28.200000
-28.399999
-28.600000
-29.000000
-29.299999
-29.500000
-29.799999
-29.899999
-30.000000
-30.100000
-30.200000
-30.399999
-30.399999
-30.500000
-30.500000
-30.600000
-30.600000
-30.600000
-30.700000
-30.799999
-30.899999
-31.100000
-31.200000
-31.200000
-31.299999
-31.299999
-31.399999
-31.500000
-31.700000
-31.799999
-32.000000
-32.099998
-32.299999
-32.400001
-32.500000
-32.700000
-32.799999
-33.000000
-33.099998
-33.200000
-33.299999
-33.599998
-33.700000
-33.799999
-33.900001
-34.099998
-34.099998
-34.200000
-34.200000
-34.299999
-34.299999
-34.400001
-34.500000
-34.500000
-34.599998
-34.700000
-34.799999
-34.799999
-34.900001
-35.000000
-35.099998
-35.299999
-35.400001
-35.400001
-35.500000
-35.700000
-35.799999
-35.900001
-36.000000
-36.000000
-36.099998
-36.200000
-36.200000
-36.299999
-36.299999
-36.299999
-36.400001
-36.400001
-36.400001
-36.500000
-36.500000
-36.599998
-36.599998
-36.700000
-36.700000
-36.799999
-36.799999
-36.799999
-36.900001
-36.900001
-37.000000
-37.000000
-37.099998
-37.099998
-37.200000
-37.200000
-37.299999
-37.299999
-37.400001
-37.500000
-37.500000
-37.599998
-37.700000
-37.700000
-37.799999
-37.900001
-37.900001
-38.000000
-38.000000
-38.099998
-38.200000
-38.299999
-38.400001
-38.400001
-38.500000
-38.599998
-38.599998
-38.700000
-38.799999
-38.799999
-38.900001
-39.000000
-39.099998
-39.200000
-39.200000
-39.299999
-39.400001
-39.500000
-39.500000
-39.599998
-39.700000
-39.799999
-39.900001
-39.900001
-40.000000
-40.099998
-40.200000
-40.299999
-40.299999
-40.400001
-40.500000
-40.599998
-40.700000
-40.799999
-40.900001
-41.000000
-41.000000
-41.200000
-41.200000
-41.299999
-41.400001
-41.500000
-41.599998
-41.700000
-41.700000
-41.799999
-41.900001
-42.000000
-42.099998
-42.200000
-42.299999
-42.400001
-42.500000
-42.599998
-42.700000
-42.799999
-42.900001
-43.000000
-43.099998
-43.200000
-43.299999
-43.400001
-43.500000
-43.599998
-43.700000
-43.799999
-43.900001
-44.099998
-44.200000
-44.400001
-44.500000
-44.700000
-44.799999
-44.900001
-45.099998
-45.200000
-45.299999
-45.400001
-45.500000
-45.700000
-45.900001
-46.000000
-46.200000
-46.400001
-46.700000
-46.900001
-47.099998
-47.299999
-47.500000
-47.799999
-48.000000
-48.200000
-48.500000
-48.700000
-48.900001
-49.099998
-49.299999
-49.500000
-49.700000
-49.900001
-50.099998
-50.299999
-50.400001
-50.599998
-50.799999
-51.000000
-51.200000
-51.400001
-51.599998
-51.799999
-52.000000
-52.200000
-52.299999
-52.500000
-52.700000
-52.900001
-53.000000
-53.200000
-53.400001
-53.599998
-53.799999
-54.000000
-54.099998
-54.299999
-54.400001
-54.500000
-54.599998
-54.799999
-54.900001
-55.099998
-55.200000
-55.400001
-55.500000
-55.700000
-55.799999
-55.900001
-56.000000
-56.200000
-56.299999
-56.400001
-56.599998
-56.700000
-56.900001
-57.000000
-57.099998
-57.200000
-57.299999
-57.500000
-57.599998
-57.700000
-57.900001
-58.000000
-58.099998
-58.200000
-58.299999
-58.500000
-58.599998
-58.799999
-59.000000
-59.200000
-59.299999
-59.500000
-59.700000
-59.900001
-60.099998
-60.299999
-60.500000
-60.700000
-60.900001
-61.099998
-61.299999
-61.500000
-61.700000
-61.900001
-62.099998
-62.299999
-62.500000
-62.799999
-63.000000
-63.200000
-63.500000
-63.700000
-63.900001
-64.199996
-64.400001
-64.500000
-64.699996
-64.900001
-65.000000
-65.099998
-65.300003
-65.400001
-65.500000
