-0.090000
-0.119999
-0.180000
-0.289999
-0.400000
-0.490000
-0.540000
-0.579999
-0.649999
-0.740000
-0.850000
-1.009999
-1.179999
-1.350000
-1.350000
-1.679999
-1.830000
-1.970000
-2.289999
-2.460000
-2.460000
-3.019999
-3.660000
-3.890000
-4.309999
-4.719999
-4.719999
-5.130000
-5.639999
-5.659999
-5.880000
-6.050000
-6.260000
-6.480000
-6.670000
-6.820000
-6.949999
-7.019999
-7.070000
-7.110000
-7.150000
-7.349999
-7.489999
-7.869999
-8.060000
-8.260000
-10.000000
-10.500000
-10.500000
-10.699999
-10.899999
-11.100000
-11.399999
-11.500000
-11.500000
-11.800000
-11.899999
-12.100000
-12.199999
-12.300000
-12.399999
-12.399999
-12.500000
-12.600000
-12.699999
-12.699999
-12.800000
-13.899999
-14.800000
-15.000000
-15.199999
-15.300000
-15.399999
-15.600000
-16.000000
-16.100000
-16.100000
-17.100000
-18.200000
-18.299999
-18.299999
-18.799999
-18.899999
-19.200000
-19.299999
-19.600000
-19.799999
-20.000000
-20.100000
-20.100000
-20.200000
-20.299999
-20.700000
-20.899999
-21.200000
-21.600000
-21.600000
-21.700000
-22.000000
-22.100000
-22.200000
-22.299999
-22.600000
-22.600000
-22.700000
-22.799999
-23.000000
-23.100000
-23.200000
-23.500000
-23.600000
-23.899999
-24.000000
-24.200000
-24.299999
-24.500000
-24.899999
-24.899999
-25.100000
-25.200000
-25.399999
-25.500000
-26.100000
-26.200000
-26.299999
-26.299999
-26.299999
-26.399999
-26.399999
-26.500000
-26.600000
-26.700000
-26.799999
-26.799999
-26.899999
-27.000000
-27.200000
-27.299999
-27.399999
-27.600000
-27.899999
-28.100000
-28.200000
-28.399999
-28.399999
-28.500000
-28.600000
-28.600000
-28.700000
-28.799999
-28.899999
-29.000000
-29.200000
-29.299999
-29.500000
-29.600000
-29.700000
-29.700000
-29.799999
-29.899999
-29.899999
-30.200000
-30.299999
-30.399999
-30.600000
-30.700000
-31.200000
-31.299999
-31.399999
-31.500000
-31.600000
-31.799999
-31.899999
-31.899999
-32.000000
-32.099998
-32.200000
-32.299999
-32.400001
-32.500000
-32.599998
-32.599998
-32.700000
-32.799999
-32.900001
-33.000000
-33.299999
-33.700000
-33.799999
-33.900001
-34.099998
-34.200000
-34.200000
-34.299999
-34.400001
-34.500000
-34.799999
-35.000000
-35.099998
-35.299999
-35.500000
-35.599998
-35.700000
-35.700000
-35.799999
-35.900001
-36.000000
-36.000000
-36.200000
-36.299999
-36.500000
-36.599998
-36.900001
-37.400001
-37.599998
-37.799999
-38.000000
-38.200000
-38.400001
-38.599998
-38.799999
-38.799999
-38.900001
-39.000000
-39.099998
-39.200000
-39.299999
-39.400001
-39.400001
-39.500000
-39.599998
-39.700000
-39.900001
-40.000000
-40.099998
-40.299999
-40.500000
-40.700000
-41.000000
-41.200000
-41.500000
-41.599998
-41.799999
-41.799999
-41.900001
-41.900001
-42.000000
-42.099998
-42.200000
-42.400001
-42.500000
-42.700000
-42.700000
-42.799999
-42.799999
-42.900001
-43.000000
-43.099998
-43.200000
-43.299999
-43.500000
-43.500000
-43.599998
-43.599998
-43.599998
-43.700000
-43.700000
-43.900001
-44.000000
-44.099998
-44.200000
-44.400001
-44.500000
-44.700000
-44.799999
-45.000000
-45.200000
-45.400001
-45.700000
-45.799999
-45.900001
-46.000000
-46.099998
-46.200000
-46.299999
-46.400001
-46.500000
-46.599998
-46.700000
-46.799999
-46.799999
-47.000000
-47.099998
-47.200000
-47.299999
-47.400001
-47.500000
-47.500000
-47.599998
-47.700000
-47.799999
-48.000000
-48.099998
-48.299999
-48.500000
-48.700000
-48.799999
-48.900001
