22.329000
22.330999
22.333000
22.327999
22.319000
22.312999
22.312000
22.302999
22.288000
22.274999
22.246999
22.201000
21.972999
21.805000
21.718000
21.621999
21.392000
21.191999
21.023000
21.023000
21.023000
20.847999
20.766000
20.766000
20.660999
20.305999
20.305999
19.966999
19.677999
19.652999
19.587999
19.523000
19.399999
19.280000
19.198999
19.069000
18.986000
18.937000
18.857999
18.857999
18.753000
18.426000
18.194000
18.079999
18.079999
17.641000
17.018999
17.018999
17.018999
16.823999
16.681999
16.358999
15.484999
15.187999
15.187999
14.864000
14.711000
14.593999
14.506999
14.423999
14.364999
14.293999
14.218000
14.142000
14.071999
14.071999
13.909000
13.909000
12.493000
11.904999
11.814000
11.800999
11.828000
11.878000
11.661999
11.619999
11.619999
10.529000
9.779000
9.883999
10.057999
9.758000
9.758000
9.725000
9.708000
9.680000
9.668000
9.664999
9.664999
9.652000
9.652999
9.642999
9.635999
9.635999
9.588999
9.531000
9.531000
9.461000
9.531000
9.371999
9.343999
9.343999
9.284999
9.284999
9.272999
9.229000
9.126999
9.078000
9.022999
8.758000
8.682000
8.536000
8.503999
8.477999
8.444999
8.444999
8.303999
8.303999
8.194000
8.152000
8.112000
7.992000
7.428999
7.276999
7.229000
7.285999
7.256999
7.216000
7.138999
7.067999
7.012000
6.881000
6.717999
6.633999
6.550000
6.484000
6.484000
6.275000
6.275000
7.359000
6.046000
5.960999
5.928999
5.927000
5.921999
5.920000
5.920000
5.868000
5.868000
5.828000
5.801000
5.767000
5.710999
5.627999
5.552999
5.513000
5.515999
5.498000
5.465000
5.372000
5.429999
5.250999
5.221000
5.184000
5.123000
5.072000
4.987999
4.969999
4.951000
5.085999
4.925000
4.903999
4.881000
4.881000
4.874000
4.868999
4.859000
4.859000
4.822000
4.807000
4.807000
4.787000
4.780000
4.770999
4.763000
4.757999
4.747000
4.736999
4.728000
4.702000
4.670000
4.653999
4.638999
4.624000
4.605000
4.553999
4.455999
4.455999
4.431000
4.406000
4.400000
4.335999
4.257999
4.217000
4.184000
4.143000
4.033999
4.098000
4.033999
3.805000
3.714999
3.634999
3.540999
3.509000
3.503000
3.503000
3.448999
3.448999
3.404000
3.394000
3.384999
3.388000
3.384999
3.380000
3.377000
3.368999
3.365999
3.362999
3.355999
3.351999
3.345000
3.335000
3.311000
3.299999
3.289999
3.276999
3.267999
3.253000
3.234999
3.224999
3.204999
3.204999
3.144999
3.141000
3.122999
3.104000
3.081000
3.059999
3.046000
3.042000
3.038000
3.032000
3.032000
3.028000
3.026999
3.025000
3.023999
3.016000
3.003999
2.980999
2.957999
2.944000
2.937999
2.934000
2.926000
8.350000
2.920000
2.914999
2.907999
2.901000
2.894000
2.891000
2.891000
2.888000
2.881000
2.878999
2.875999
2.851000
2.838999
2.835999
2.835999
2.836999
2.829999
2.812000
2.815000
2.816999
2.819999
2.819000
2.816999
2.805000
2.786999
2.776000
2.775000
2.773999
2.772000
2.772000
2.773999
2.779000
2.782999
2.785000
2.780999
2.773999
2.765000
2.752000
2.740999
2.736999
2.733000
2.730999
