21.625999
21.594999
21.594999
21.570999
21.600999
21.621000
21.601999
21.572999
21.586999
21.561000
21.485000
21.485000
21.100000
21.086999
21.079999
20.989000
20.829999
20.829999
20.729000
20.697000
20.697000
20.499000
20.417999
20.218000
20.003999
19.677000
19.476999
19.476999
19.160999
19.121000
19.121000
19.121000
20.417999
18.773000
18.731000
18.559000
18.559000
18.513000
18.364999
18.336000
18.299999
18.184000
18.222000
18.106000
-255.000000
-255.000000
-255.000000
16.756000
13.258999
12.270000
11.819000
11.819000
11.598999
11.314999
11.239000
11.152000
11.086000
10.888999
10.888999
10.793000
10.793000
10.697999
10.697999
10.524000
10.581000
10.491000
10.473999
10.506999
10.088999
9.980999
9.779999
9.699000
9.850000
9.960000
10.003000
10.019000
9.930000
9.930000
9.671999
9.552000
9.739999
9.390999
9.364000
9.331000
9.305999
9.251999
9.251999
9.168999
9.142000
9.119000
9.107999
9.100999
9.062999
9.055999
9.052000
9.036999
9.003999
8.970000
8.883999
8.833999
8.833999
8.666999
8.576999
8.576999
8.375000
8.375000
8.208999
8.161000
8.118000
8.072999
8.072999
8.000000
8.000000
7.899000
7.868999
7.853000
7.848000
7.829999
7.813000
7.795000
7.764999
7.764999
7.626999
7.552000
7.466000
7.369999
7.284999
7.231999
7.204999
7.171000
7.138999
7.125000
7.109000
7.098000
7.102000
7.094999
7.091000
7.077000
7.060999
7.017000
6.956999
6.926000
6.902999
6.886000
6.869999
6.852000
6.802000
6.727000
6.670000
6.599999
6.521999
6.445000
6.375000
6.302999
6.241000
6.182000
6.079999
6.024000
5.980999
5.913000
5.745999
5.721000
5.703999
5.685999
5.663000
5.622000
5.589000
5.567999
5.552000
5.546000
5.524000
5.481999
5.439000
5.406000
5.376999
5.355999
5.340000
5.322000
5.297999
5.263999
5.223999
5.183000
5.183000
5.135000
5.089000
5.046000
5.002999
4.968999
4.940000
4.920000
4.907999
4.901000
4.893000
4.885000
4.875000
4.866000
4.856999
4.853000
4.849999
4.908999
4.889999
4.868999
4.849999
4.829999
4.809999
4.789999
4.772999
4.767000
4.749000
4.724999
4.709000
4.697999
4.690000
4.683000
4.673999
4.664000
4.651000
4.630000
4.606999
4.585999
4.565000
4.539000
4.519999
4.505000
4.495999
4.487999
4.474999
4.459000
4.440000
4.422999
4.402999
4.381000
4.363999
4.348999
4.334000
4.320000
4.303999
4.288000
4.275000
4.264999
4.255000
4.243999
4.235000
4.228000
4.219999
4.208000
4.195000
4.177000
4.153999
4.129000
4.110000
4.097000
4.086999
4.073999
4.059999
4.039999
4.021999
3.997999
3.973999
3.950000
3.931999
3.914999
3.897000
3.887000
3.875999
3.865999
3.854000
3.842000
3.831000
3.823999
3.818000
3.812999
3.809000
3.795000
3.789999
3.778000
3.773000
3.763000
3.740000
3.723000
3.706000
3.707000
3.706000
3.703000
3.700999
3.687999
3.670000
3.634000
3.588000
3.553999
3.516999
3.482000
3.451999
3.430000
3.407999
3.391999
3.381999
3.384999
3.385999
3.394000
3.388000
3.380000
3.365000
3.342000
3.365999
3.403000
3.415999
3.407000
3.404000
3.413000
3.398999
3.385999
3.380000
3.359999
3.338999
3.315000
3.295000
3.288000
3.285000
3.255000
3.230999
3.167999
3.105000
3.071000
3.059999
3.046000
3.026999
3.013999
3.005000
2.977999
2.940999
2.908999
2.891999
2.884000
2.880000
2.915999
2.997999
3.043999
2.967999
2.894999
2.865000
2.844000
2.823999
2.805000
2.778000
2.740999
2.709000
2.680000
2.661999
2.657000
2.664999
2.698999
2.786000
2.884999
2.910000
2.885999
2.845000
2.792999
2.747999
2.696000
2.661000
2.642999
2.627000
2.609999
2.601000
2.599999
2.608999
2.627000
2.653000
2.703000
2.779000
2.825999
2.844000
2.867000
2.903000
2.933000
2.941999
2.943000
2.953999
2.970999
2.987999
3.003999
3.026999
3.052000
3.065999
3.075999
3.092000
3.114000
3.140000
3.197000
3.267999
3.335000
3.381999
3.443000
3.513000
3.556999
3.595999
3.664999
3.733000
3.783999
3.822000
3.849999
3.880000
3.904000
3.936000
3.983000
4.022999
4.061999
4.059999
3.983999
3.941999
3.914000
3.900000
3.898000
3.888000
3.881000
3.877000
3.872999
3.864000
3.857000
3.842000
3.835999
