21.733999
21.731000
21.733999
21.731000
21.738000
21.731000
21.729999
21.742000
21.746000
21.747999
21.742000
21.465999
21.068000
19.575000
19.489999
19.489999
19.489999
19.489999
19.350000
19.312999
19.288000
19.288000
14.267000
12.453000
11.642999
11.432999
11.326999
11.001999
10.364999
10.428999
10.428999
10.425000
10.279000
10.069999
9.987999
9.953000
9.911999
9.873000
9.781000
9.873000
9.727999
9.727999
9.727999
9.727999
9.250000
9.310999
9.305999
9.305999
9.305999
9.206000
9.118000
8.977000
8.815999
8.815999
8.550000
8.482000
8.369999
8.293999
8.293999
8.079000
7.952000
7.784999
7.784999
7.480999
7.342999
7.223999
7.129000
7.019999
6.834000
6.690000
6.613999
6.537000
6.460000
6.061999
5.802999
5.662000
5.336999
5.205999
5.090000
4.856999
4.856999
4.856999
4.856999
4.600999
4.544000
4.468999
4.385000
4.308000
4.250999
4.182000
4.100999
3.997999
3.997999
3.806999
3.786000
3.630000
3.565999
3.522000
3.522000
3.453000
3.414000
3.394000
3.434000
3.466000
3.461999
3.423000
3.395999
3.273000
3.236000
3.217999
3.243000
3.193000
3.069999
2.857000
2.711999
2.671999
2.707000
2.670000
2.562000
2.536999
2.618000
2.690999
2.765000
2.825999
2.859999
2.881999
2.901000
2.913000
2.926000
2.944000
2.970000
3.002000
3.025000
3.039999
3.051000
3.062000
3.082000
3.105000
3.122999
3.145999
3.170000
3.190999
3.210999
3.226999
3.242000
3.259999
3.283999
3.318000
3.361999
3.414000
3.464999
3.523999
3.573999
3.618999
3.660000
3.691999
3.723000
3.743000
3.756999
3.773999
3.801000
3.825000
3.846999
3.865000
3.861000
3.808000
3.750000
3.729000
3.724999
3.730000
3.742000
3.757999
3.789000
3.832000
3.855999
3.875000
3.911000
3.970000
4.008999
4.040999
4.057000
4.073999
4.092999
4.106999
4.106999
4.092999
4.089000
4.086999
4.089000
4.090000
4.091000
4.092999
4.089000
4.084000
4.078999
4.076000
4.073999
4.076000
