0
0.125544879293102
0.14374076874348
0.127308628709234
0.217658758021854
0.237856808590112
0.267092615055153
0.280360351058433
0.331438109671109
0.331570703449533
0.446144453288605
0.458959548363932
0.501815194931858
0.477564297387073
0.480861680809684
0.604708909692677
0.574790899746622
0.64070093911254
0.635317886959102
0.653585889281701
0.662369280848899
0.696191039535312
0.682128570211486
0.733466618326337
0.718241544036983
0.708332113081221
0.709323370896119
0.724111932744914
0.775849245676249
0.771688913314402
0.78961585256122
0.779533173716253
0.748843426537543
0.714664670203758
0.712072141858322
0.712764990577501
0.693974537284538
0.66547847433485
0.676198084001896
0.64305721146522
0.6363688063624
0.680533484024281
0.648406724398814
0.605424709127394
0.557207777145579
0.53521857152183
0.58091627305797
0.522670905304971
0.543824245817393
0.477115213851027
0.493072963040322
0.439828617873696
0.402272332447831
0.341659243692138
0.315137172565563
0.321014784625546
0.332314088337323
0.230273821536368
0.294500971167261
0.208850862251826
0.164935206292951
0.150970575440421
0.164477719733927
0.146293664861512
0.0623292586785468
0.121513931002753
0.0755388796258764
0.061071991102766
-0.0195491260613271
0.0350838160315805
-0.0108506333443113
0.0126234162990279
-0.00588607967836288
-0.0114933743696743
-0.0658668663863399
-0.0983671220973087
-0.115344046763902
-0.126900983322845
-0.0743387863506571
-0.057858011645872
-0.10979018495121
-0.071942728849103
-0.0532094759980536
-0.10374945114342
-0.0814464322417946
-0.0435282235660185
-0.107374646353618
-0.128565125133209
-0.0774381821881834
-0.0960820677958316
-0.0229151409043618
-0.019559709768922
-0.061733868604128
-0.000318456156593858
0.00222021307720377
-0.0362367897698252
-0.014519453976151
0.0604939706584034
-0.00985240334489988
0.0747266812348595
0.0309917613863946
0.0569158251298736
0.0775272054954773
0.127075462512899
0.114324590746161
0.142171407997009
0.0725575108647483
0.105132426409465
0.135998705474262
0.143581316195608
0.174521912068004
0.13642795125841
0.20830101919359
0.216431267991029
0.155774604740635
0.226847871083074
0.16853397350162
0.160347512000925
0.206242475949446
0.158218537082871
0.154719842734569
0.198107679987002
0.140320711722691
0.148317334521995
0.143722813073372
0.216858946254845
0.166232670522139
0.173334532845401
0.151800623098439
0.0717961893956832
0.117770675885189
0.0527227766638343
0.097569240699238
0.0521965577062258
0.0484468238498968
-0.00355045079840874
0.0273455476369047
0.00988071025531252
-0.0119232010976115
-0.085335045162334
-0.0970844937924382
-0.149908224473008
-0.138280910021538
-0.210242441907442
-0.148291856937311
-0.215259741502629
-0.228937301953092
-0.289143861465581
-0.32060817413709
-0.351848322528509
-0.361739035695791
-0.329248259010308
-0.355095067005038
-0.424813375634972
-0.487817125045273
-0.474708402552199
-0.50201756523855
-0.55811602619767
-0.562837011692904
-0.584758861297095
-0.520864635780701
-0.531421551364492
-0.615737531056163
-0.649345813286527
-0.617843121079221
-0.614458226567161
-0.654970730299634
-0.642190689158572
-0.620814915467828
-0.638841163939423
-0.612167566258832
-0.611344534757346
-0.691707512085735
-0.607303577331537
-0.623252147596168
-0.607159062565868
-0.576324929452358
-0.640388714247228
-0.646955179498897
-0.547623240429072
-0.591557992138216
-0.56050207242183
-0.520749696868743
-0.521184544452663
-0.450029118463899
-0.413403284067722
-0.454158773314483
-0.426887095583299
-0.322115258143329
-0.327076772695877
-0.259507101533552
-0.251976428187326
-0.235356843398296
-0.208014989292959
-0.220035791179398
-0.0868611926272189
-0.111336753003261
-0.0749233297083444
0.0045267707539848
0.0224282910246079
0.0600706452503808
