0
0.150214046221131
0.102165549599396
0.156460672153672
0.262163228503344
0.301564386993458
0.295864499451607
0.37589537385112
0.394338539029569
0.517904155091037
0.495043628406668
0.609864661549523
0.568317672651081
0.680808626378814
0.668857963371223
0.694854339137578
0.755360424210385
0.752981754489195
0.831496229588215
0.786426517061878
0.811240443761493
0.8697754657532
0.861776400394055
0.93192402935229
0.927048514153353
0.893023915120964
0.985107963651877
0.905505275676971
0.942348419185088
0.927329291839126
0.917825156166375
0.905598155491604
0.920681558032252
0.898629634581206
0.873888631048682
0.914644641339276
0.887413161728812
0.895165904047236
0.833892036814484
0.821254870721923
0.829983356468035
0.770773513491331
0.676496341731011
0.704673103152233
0.66045241496623
0.610569922497454
0.572164249546357
0.581643606177764
0.540479112884423
0.459008258089809
0.439334372617304
0.415692777567766
0.368689124495012
0.310353106546306
0.263025612728486
0.288816226215446
0.230493568834335
0.161621350447283
0.175869782456356
0.135655092392568
0.110390768818041
0.0280063688390922
0.00167660700875305
-0.0598133692342821
-0.0332297779068123
-0.0791802077750907
-0.13849594906357
-0.105064793565069
-0.130720639804915
-0.211992310877296
-0.15765806478024
-0.177201458889208
-0.201205005112969
-0.282748621013885
-0.271667718246112
-0.238573529387261
-0.290037363131045
-0.298303199374852
-0.305315473962551
-0.28970674693849
-0.243578573273102
-0.331687800653247
-0.235823530290384
-0.25964174588441
-0.221365226218599
-0.231116466042294
-0.273675618478968
-0.23359168394708
-0.245612838879919
-0.166315638564165
-0.180789105850486
-0.11797764765281
-0.188084134298664
-0.112237748618933
-0.126083398975973
-0.0428126813664914
-0.0943442315857722
-0.0701577668130419
0.0215904665166818
-0.00149586627565126
0.0546316352672878
0.0738402285457384
0.0631015172240952
0.171964143687489
0.143358008197309
0.152921587583411
0.201224050291423
0.188311389297011
0.28531596979807
0.28610911023054
0.235393660678743
0.250868775426979
0.348918081742472
0.307366894830548
0.318865747442408
0.365867396634712
0.345952145261812
0.357120507687769
0.378411454480249
0.41519185022634
0.382426561092565
0.336256200711094
0.39634459391979
0.391546844040779
0.37182086204782
0.322442441435899
0.354983760147819
0.295998379272346
0.310748331516914
0.348861864379755
0.343459627260868
0.297871700632723
0.216914280800686
0.245306501053963
0.226904886834443
0.157024359909003
0.129476060290611
0.141585986112434
0.0779330745640118
0.00843349447389707
0.0717554029417734
0.0333359409677936
-0.0294309575121579
-0.0908230875866569
-0.123718824722291
-0.189820652210498
-0.163526882668773
-0.252204460098499
-0.227747186761571
-0.353730964389852
-0.316395117715001
-0.383943252612292
-0.464581855854413
-0.446735493480461
-0.522688950072505
-0.55686820127252
-0.599635231132662
-0.60422309348585
-0.616112586296707
-0.607712972412883
-0.664656435664398
-0.73071781532638
-0.723396924164388
-0.779928950587556
-0.820442142539007
-0.759432861584667
-0.795681438199314
-0.801977565265892
-0.856941858720698
-0.849237891927912
-0.877356028645456
-0.802992147829358
-0.830804363786534
-0.819057060449397
-0.812311346855473
-0.865872189679746
-0.84029240405514
-0.819620443513764
-0.787512863277706
-0.817721022170308
-0.737588468554461
-0.742605914708215
-0.71399886618105
-0.657649915669065
-0.678403940488652
-0.567098222784602
-0.545170401211028
-0.52192574048687
-0.508990123163729
-0.443423395310834
-0.432451934670054
-0.38648227410822
-0.29046367944321
-0.314340436879605
-0.218349685424953
-0.206784636102427
-0.16056019380587
-0.0735901533649767
-0.0668362391896707
0.00489136802042157
0.0672914097085605
