0
0.0575932159946972
0.109907967178855
0.146944655105316
0.159215272811251
0.171419404231883
0.218515653288442
0.249678716988731
0.23981391859393
0.275100314681512
0.261414265221195
0.344294921047689
0.289709368711608
0.317876588017145
0.370941927657882
0.391583209247362
0.456197565380489
0.405842098964821
0.412614873162853
0.471977756101641
0.484086772681677
0.443123140854681
0.454417638036906
0.50797361648037
0.516216480368917
0.53553951093704
0.498548638648505
0.548981541809034
0.556473715271396
0.556685080581899
0.575669225940137
0.518672786783992
0.595191434730729
0.576490246625808
0.601524038298062
0.524728260588458
0.597054695925311
0.552209627009733
0.59607821579533
0.531089538794194
0.551448104900216
0.581885256144723
0.565066866856173
0.49262315700186
0.485223862573051
0.520234816602518
0.544029117202012
0.452252903406073
0.437970215898343
0.457033162736044
0.404776599444449
0.400556340252016
0.399713014485593
0.457950875079087
0.424364369913656
0.397872619714804
0.411143620576692
0.367867160295334
0.316533052083702
0.358832684174192
0.326284483662037
0.276693707449874
0.32564063716794
0.299452429988695
0.237705526170243
0.247697505684324
0.183139018014948
0.246718672499743
0.164227115706714
0.208355843734575
0.226530562032101
0.210685312065499
0.201163296613674
0.103711322454471
0.180888087583549
0.119122919251774
0.133105263297308
0.112305663340594
0.102900479089257
0.114701673078851
0.109242679700218
0.124631264038402
0.0874737554524534
0.114733704359272
0.0812268026572996
0.084131182888685
0.036862582821173
0.0334399105663674
0.103591585472947
0.0907629485745311
0.092374317433217
0.0667886606357725
0.0967305809931482
0.0670988444563528
0.028602223630018
0.0398623012882415
0.0723756894610008
0.0869629494819001
0.0101935817158727
0.0167656926479629
0.0216646038927138
0.0665935506071457
0.0111560102322193
0.0730551681508168
0.0656863734916667
0.0183541854898688
0.0966760372082223
0.0306921184669653
0.0685547489000832
0.0669114905469386
0.0674472230565758
0.0554817113522112
0.0129941155791527
0.0279561413769347
0.0664894951360697
0.0170303103791789
0.0383953563469118
0.0493602601876464
0.0484417364637858
0.0111611299440089
0.0413485841267189
0.0148578856442713
0.0113535454424352
-0.0552099775530953
-0.0613388195604567
0.0101506071187509
-0.00909070223740502
-0.016704209653396
-0.10718628217263
-0.0485077357545664
-0.0828914608509212
-0.139684887223525
-0.100120844011369
-0.123282221634623
-0.166555200562756
-0.150001175937929
-0.160099920113494
-0.201285294887883
-0.221539877933661
-0.198279473024001
-0.210305621689347
-0.178611973874283
-0.270178803057076
-0.262753141191986
-0.30185174540056
-0.281977841176308
-0.289181262805779
-0.289645861564032
-0.27604244952118
-0.327836446833763
-0.340646956115961
-0.371066442769663
-0.364170426015147
-0.419067185290654
-0.440626844124494
-0.360447257279505
-0.424806999925071
-0.379133848234839
-0.46516693560417
-0.42546256463187
-0.41860565533573
-0.423784015692953
-0.49387148374202
-0.438472287297054
-0.420627913186894
-0.47020363782402
-0.490933595841757
-0.504402747964678
-0.470091038995375
-0.483676045146404
-0.423661402502684
-0.426172175647314
-0.457630490086568
-0.461698320269924
-0.418459267928416
-0.407498877493297
-0.450022334242409
-0.455546595904518
-0.354243990521431
-0.393222184868449
-0.352319395703726
-0.329305751550946
-0.393373202084946
-0.347046256809006
-0.307488956540828
-0.256339171850155
-0.249934224413195
-0.266732777957269
-0.233462863685834
-0.253238381743134
-0.19557436123325
-0.136771723878663
-0.0976483022529943
-0.151158148509879
-0.102720989039618
-0.11847084767086
-0.0289138512099258
-0.00469580078481932
-0.0252806799958979
0.0224736945776528
0.0329807459376758
