0
0.118696094610777
0.181857096562795
0.21708645196798
0.248860407082308
0.378038018391979
0.351595810613944
0.459668292043864
0.534876019490933
0.578262257632145
0.580878687708065
0.612639128932503
0.672952427506049
0.703165780734747
0.81197424681526
0.823693148208502
0.888327936007463
0.85441570687277
0.962696554739902
0.933854060291307
0.95876911298409
1.01805540464321
1.0209630959873
1.02514481554483
1.04033623202729
1.09336491394453
1.10176785426004
1.13067588775282
1.05556196207382
1.08413284347781
1.06655850990917
1.10706065639099
1.14396003214758
1.05224336837364
1.10488391479273
1.06919110044748
1.07488411624002
1.03363751549978
0.978458822427552
0.987385800352812
1.02276044336185
0.916622700350321
0.927561122760895
0.846855260254513
0.904653605603537
0.782537980784463
0.839789517816921
0.769584770659764
0.680252554788336
0.708827340805742
0.681248016655445
0.598599200187859
0.614212322776115
0.534522185998675
0.490120207305184
0.444668600999006
0.401006157210397
0.388172850416848
0.332735075267366
0.295474807049495
0.252208206867998
0.278265733798584
0.222106437889581
0.187303718246582
0.146295946746232
0.146187730575408
0.0990288017677212
0.0392572228172734
0.0410390347595859
-0.018293658711068
-0.0242813851758968
-0.0499417469249625
-0.0515750287520533
-0.098893085158815
-0.157910829020896
-0.142525226533033
-0.12775652677726
-0.112112443801665
-0.165399321937143
-0.139670169853119
-0.191732702097124
-0.203875570462048
-0.132197758665636
-0.196802984145099
-0.192888588384162
-0.183528860612665
-0.171518610362553
-0.176277868817542
-0.100303246346281
-0.0951892888575623
-0.0675168962569905
-0.137399839671598
-0.114611875001676
-0.0264641358905171
-0.055852616849562
-0.0638517080014898
-0.0172368981351654
-0.0545326738677595
0.0583517228183292
0.0715540288629727
0.0429274220019581
0.0703208315504
0.0451865087333181
0.104614274023441
0.125487322587292
0.103819759110953
0.157118007532528
0.140090617017511
0.236961323969401
0.249235112654315
0.198722124879994
0.274543755262328
0.231783947148339
0.261495956215058
0.258887830973261
0.281652835431401
0.27569985102899
0.313711880021358
0.305436098406419
0.259947901030034
0.271629953636056
0.226122853380141
0.242198237055122
0.242982211802804
0.247921653734259
0.257475460789718
0.228453460971126
0.171852027382155
0.208984049451614
0.158703147468116
0.160724265880896
0.130110221609525
0.0482620018180854
0.0890282081132812
0.0169610500907455
0.0410066998801581
-0.0764241516619051
-0.105616591006581
-0.136950234269446
-0.172901448109737
-0.2051645849554
-0.251802212528301
-0.278319702135734
-0.267775857480118
-0.275908797772902
-0.345445572875628
-0.396390075861595
-0.394146840146449
-0.462020500638432
-0.486257728612658
-0.598663389123976
-0.550167823040698
-0.647396006490186
-0.649769175211747
-0.654857772064228
-0.772381655812995
-0.739171342057101
-0.796892330804538
-0.7783252932362
-0.864097531972415
-0.917902559945731
-0.921021151135237
-0.94500368768559
-0.961167331177331
-0.925264338646254
-0.932536041083786
-0.949834456367243
-1.03526819082854
-0.98917583692935
-0.980831216063255
-1.00059134069141
-1.03459352759102
-0.986321182644142
-1.01366524488529
-0.949107388553899
-0.961908601500473
-0.942083282536147
-0.973937526631401
-0.95988000773088
-0.890025120335308
-0.867816171953825
-0.833796581949101
-0.81603217622725
-0.814556194145062
-0.735484222153954
-0.6661259950825
-0.66261690213945
-0.64409974681261
-0.589641650463988
-0.553356333499548
-0.487276647111758
-0.427724056653954
-0.396783965995585
-0.333652232153474
-0.238272533844574
-0.219818233986896
-0.132041710449326
-0.0844623521918307
-0.0798944322119278
0.0176091364314295
0.0966923179104936
