0
0.0956069076761505
0.120973037283541
0.159795118216824
0.190651295158072
0.290770008761546
0.302593211520098
0.352502791681179
0.395031887509225
0.392869748475526
0.475146639886331
0.50655882560735
0.510210716304197
0.580231209519564
0.658752279424665
0.59798536304037
0.644908137770625
0.735346495126449
0.729047480412811
0.719828975082376
0.777796296462072
0.786218401593589
0.786646584481202
0.804733793442999
0.85815900144503
0.910125099305443
0.889013291244465
0.909906211930522
0.868945706211296
0.899787887268687
0.944724048791295
0.964489438010292
0.952285046463241
0.891975344574708
0.870163373110143
0.879353682009142
0.897334028610342
0.858452039415306
0.908588281902944
0.919268205463612
0.890574091008896
0.85937847640011
0.811621248605695
0.8374734409902
0.828491361753226
0.759088875352736
0.783139382978782
0.672710791388041
0.692684813957714
0.70432840690386
0.685609137453139
0.608635465100887
0.587426446884809
0.564892655577551
0.508849949093606
0.495715664932162
0.539652490345843
0.4367680452421
0.40129261331269
0.435611221571581
0.361470722643266
0.407748805310962
0.363720427051615
0.32803207263473
0.275162999747276
0.285567516658352
0.205548314652537
0.180165135428058
0.200719330163522
0.188590406069473
0.163620393256428
0.178606693621942
0.105946729064725
0.0990343857201852
0.0836102795548883
0.123895858317993
0.0191161609878249
0.0787870693026362
0.0639638249135782
0.0276241843483511
0.00423733371920382
0.0478205350945072
-0.0375286793098505
-0.0278661839308827
-0.00107962308811166
0.0251807895363736
-0.0345931149998559
0.0328349416463337
0.0147925990091465
0.0326019677702721
0.0192733571357692
-0.0369183236067417
0.000572701760918171
-0.0393186641972196
0.0251605116208495
0.0416646026283461
0.0676822473920829
-0.00233254684601583
-0.00437277140512508
0.08285677950805
0.07844592994079
0.0207684451157792
0.0741904716421609
0.109027906791313
0.0968302916109615
0.0500451186463279
0.117332424837589
0.0857800090800654
0.101698047264129
0.0647892609504285
0.13899893644679
0.119577452596611
0.0625933079591193
0.0824327850395181
0.11762878158855
0.117883383774621
0.0779600793159209
0.0998628739843754
0.0656014406815822
0.111730400121741
0.0758474922398528
0.0972643402510222
0.0611703874238559
0.0407566145987928
0.0770391988875858
0.00433298219329906
0.0427785779587779
0.000626270787872835
0.0205791406214316
-0.0710781234206938
-0.0341836851078594
-0.0471096801589588
-0.0482495155016325
-0.151909668963151
-0.178216476920193
-0.202755615219371
-0.227603515466631
-0.23842908647034
-0.280175429646355
-0.293833988204983
-0.246299002090076
-0.292378752310889
-0.369307635143487
-0.378004441841661
-0.388658087523736
-0.458720945426852
-0.4068475233224
-0.48358208161224
-0.456886648055104
-0.524897667903933
-0.51723913308233
-0.587607249826161
-0.571078013811313
-0.617698976182824
-0.656824179949119
-0.631473180278535
-0.706671149131984
-0.737640960123739
-0.720143638062325
-0.774032902676794
-0.769467366847242
-0.730835011116887
-0.783645033534145
-0.782233802432483
-0.808128823914879
-0.798338824847352
-0.786932535768745
-0.859221863696981
-0.864116433688779
-0.843002147691237
-0.851433013962423
-0.809838221491302
-0.759094298020271
-0.75366733303965
-0.83649464948203
-0.743607976656786
-0.719739914120738
-0.726875639991765
-0.732917632967435
-0.715099975736313
-0.639946967608881
-0.62591485918779
-0.59386379066953
-0.601694342446588
-0.580471185559662
-0.57730906804676
-0.503183389989284
-0.51876704502037
-0.405944646195336
-0.404662226951619
-0.381133438627254
-0.372233804150048
-0.259281744092999
-0.29996579364393
-0.22751065890082
-0.148575656648835
-0.173548687539054
-0.0322788330730313
-0.00220967336338851
-0.0422115233123205
0.0787850070744762
