0
0.0702246918891758
0.205919617785553
0.169259181804288
0.282435989711002
0.355168711227129
0.380900499056696
0.372521396240182
0.509276402135139
0.491152418075161
0.51669491290596
0.577663870224336
0.661942925254315
0.736659363096249
0.709474299305631
0.799846316424173
0.856093671533165
0.891076322198738
0.941435819079823
0.945520623107915
0.9453285363863
1.0110480739819
1.02524448762504
1.0099752012245
1.09685068599297
1.08925882214178
1.11091604092619
1.13732835091603
1.12957041008263
1.19560083295991
1.15512071343323
1.14289724670618
1.21456408136726
1.18077264583416
1.15282969272265
1.19800314493942
1.13798697901253
1.14225762937983
1.13144274711281
1.17714536002533
1.12633747323154
1.15271317404372
1.10723050535919
1.06758654684877
1.03416239621487
1.05077027251162
1.00428789940463
1.04136714702738
0.994161780859394
0.994236545350482
0.935816071368754
0.889744490307416
0.92973840169509
0.875782760975346
0.847917525921075
0.820077426882348
0.830016856917086
0.801052863033537
0.725860433293392
0.715210596281542
0.687328760804358
0.62930124127813
0.662794006550171
0.555328209354749
0.597222490945621
0.576511893566013
0.491052574849917
0.50238116603003
0.42100332511276
0.381078136085437
0.375925076431503
0.347021609132679
0.310807565811147
0.332039572945043
0.272075026918471
0.318125264155316
0.297296085587779
0.25989047573159
0.24246221190035
0.254901130225747
0.239880125794188
0.189971782350485
0.139911208098919
0.141576562179195
0.139575798307305
0.158477585545973
0.151249280801197
0.104709985647956
0.114458635951793
0.0910489599614264
0.104045986199482
0.07306742295155
0.0376833560409024
0.0439401363588429
0.0359532562015413
0.100087610139534
0.0381043973488179
0.107794249797099
0.0265841975308206
0.0489428425053801
0.0634756723418832
0.0739632137273703
0.0919952828005704
0.0401340752897327
0.00615490189591376
0.063369455308631
0.0416742726298214
0.061601258198961
-0.00862165647540238
0.0178862932184928
-0.00194705883200316
0.0413706889913557
0.0280206411709723
-0.0457782670675317
-0.0215133939368331
-0.0173338236913549
-0.078196642976945
-0.0197427271026546
-0.0602560511624224
-0.0385208955868525
-0.0490064210366465
-0.12615593653941
-0.115118000616279
-0.113420123096803
-0.195469820506016
-0.175965381967473
-0.167416831355811
-0.278048934502706
-0.217462142861505
-0.265294666362496
-0.251089126574714
-0.328366283072995
-0.340711064652205
-0.409384037141066
-0.358566300104602
-0.473034277796061
-0.491461591386958
-0.51415473085942
-0.484222095952787
-0.523763024858612
-0.608723173955205
-0.58534489636819
-0.605402068247904
-0.623265789145653
-0.69409104101071
-0.675250415095947
-0.701063885245531
-0.81073902854456
-0.799177033248293
-0.867016123995776
-0.807957481313497
-0.82498132045575
-0.850552300485833
-0.896482539924661
-0.914358369286972
-0.944980521604048
-1.01225929811966
-1.01156548326021
-0.991321744222957
-1.06805224655804
-1.08581095472648
-1.06914412573607
-1.06143267707572
-1.02546210191047
-1.04766739358488
-1.06939297840464
-1.10503079847003
-1.03551644148983
-1.02420889846251
-1.02762273710488
-1.10387422263806
-1.09407786927958
-1.00410714248061
-0.983496188930692
-1.02225324427239
-1.00253225294371
-0.988137746354325
-0.947712195066328
-0.925483207952651
-0.93315315536131
-0.876396638284135
-0.786057490935092
-0.835836390459633
-0.731854777243812
-0.692909737850425
-0.640869217195522
-0.625856636201543
-0.558373310228478
-0.547656067038387
-0.489917650887349
-0.449058630536464
-0.463813013812558
-0.335975723479633
-0.342642430661209
-0.30806258192253
-0.205645882450739
-0.17540724757643
-0.0738858658813718
-0.0601414069518845
-8.83667347224212e-005
0.0200568248517822
