0
0.105833187107983
0.082871927260805
0.138641455301945
0.239535754960578
0.282406967955936
0.253309018619247
0.37543718512045
0.416600965893833
0.438288302354766
0.475812637854184
0.503838519836547
0.527157133836025
0.504606702987474
0.627520221634493
0.595455554760566
0.623470662469364
0.63969788068733
0.751589134907183
0.736897670860884
0.813173263363454
0.82030219974352
0.776512067979739
0.802196885790898
0.90980567101117
0.895201531326967
0.897883927578371
0.887683741001566
0.945827302896121
1.00137224852396
0.922634533397115
1.00934902648337
0.948055678557869
1.0425090388996
0.975701554463104
1.06260244787443
0.975572597040155
1.03004581510925
1.0691395303325
1.04452252956472
1.02005787805079
0.986620059151914
1.03370364584316
1.03852733155895
0.968596974194233
1.01197882515767
1.01288279939155
0.961538884417619
0.928944489982001
1.01136097479446
0.919362238328904
0.973564231219234
0.917221993060747
0.886322354244797
0.854014185904536
0.849798056855155
0.908152458843463
0.888073051910246
0.78732723217794
0.815173215263742
0.747730422669179
0.733296186233187
0.703353939537152
0.74143563915088
0.728425727602672
0.682454547838025
0.706161561380867
0.606740630845603
0.626899397057035
0.580651922897333
0.588803626188701
0.517733057479119
0.504221281115836
0.560986481602784
0.464819530979687
0.494191372203279
0.468662791386011
0.410472058740994
0.462288574050023
0.416218559009436
0.400995307805361
0.39846945727573
0.380392076937536
0.333936001651617
0.342356345352973
0.267695226338394
0.308568607819278
0.239785886285733
0.244657097445977
0.187756346003253
0.20818555437501
0.203324947071021
0.183520215190514
0.171247751815295
0.156754078645584
0.168575531438416
0.133788673507692
0.052358257672943
0.0546964380045891
0.113948433918258
0.0075371666811405
0.0280561193103584
-0.00536739631495483
-0.0253754273943677
-0.0453778322997406
-0.0382718055587774
-0.00682123948293592
-0.072490190612203
-0.0742526834826316
-0.0506013600460637
-0.114741712329047
-0.161346516129662
-0.101979964940054
-0.151609946144651
-0.219083719969738
-0.226801963434257
-0.237009475955065
-0.231499262631568
-0.215410617670099
-0.232237117144775
-0.32282272802514
-0.274352416613552
-0.323112394301994
-0.334677347497633
-0.324933614175531
-0.342046781903702
-0.441209027939433
-0.387443569857177
-0.455428887051469
-0.495659327211535
-0.441653735993122
-0.480368131865645
-0.535096091460922
-0.554466284028318
-0.600203691847418
-0.61755110332062
-0.593028024867755
-0.59246208468496
-0.664843406673714
-0.632659708557898
-0.703833867234267
-0.67244149626534
-0.761736800860253
-0.741767536479378
-0.762349116456383
-0.817612656298382
-0.838714639930997
-0.833736465218274
-0.795913745967636
-0.820721292598636
-0.84631668375805
-0.89813566570936
-0.914163579762004
-0.890755739343818
-0.856350885999305
-0.890656540053125
-0.896323874585514
-0.937099330557471
-0.917915271095078
-0.936051372353699
-0.916017423908993
-0.891230826176622
-0.950983038926239
-0.968561901914857
-0.903577797012695
-0.86587807710055
-0.877431774576053
-0.909813438322899
-0.845803844042387
-0.851671152234892
-0.889551058202243
-0.884215241142645
-0.823211817350873
-0.851241827195664
-0.756021603698175
-0.77177533497532
-0.784754843336602
-0.750803821027501
-0.765330721466408
-0.698408099993896
-0.659939209122124
-0.629156136057821
-0.606673977536914
-0.563660118186984
-0.508465105323441
-0.504152455254962
-0.488258606730684
-0.405923200834911
-0.407247916534269
-0.416606394099774
-0.393092178229058
-0.305038831390691
-0.274941748286603
-0.251678773526715
-0.172208838060387
-0.122421040184158
-0.133882360760669
-0.0976708901095436
-0.0753554378965981
0.0214105524448126
0.0904811283573517
