0
0.10301465087964
0.196054482630762
0.181283781331342
0.280340589567436
0.32994556141016
0.335871663021736
0.428519818896616
0.48870451264624
0.511789548596728
0.472891696798808
0.508666656693262
0.603731503197562
0.625693103760307
0.653581993924204
0.653367973257676
0.633239511323805
0.723394628867456
0.732084896706777
0.694992490638311
0.72007408487471
0.698379870977594
0.664748931866577
0.713560166923202
0.666359975825477
0.712566170277643
0.664227280783083
0.64326293699992
0.717551265480967
0.682882875165138
0.613695833445596
0.639411026284214
0.607184712832381
0.628930888236752
0.642488254297928
0.707136482487766
0.663739348006987
0.683091269278018
0.664571747580823
0.693350529543325
0.681114520573701
0.764654277104063
0.781358156033618
0.743240687800394
0.753962891021439
0.818941360854895
0.849678940378339
0.922181570407352
0.878449219552841
0.92197990728666
0.915346441417933
1.00309270999151
1.01843482462311
1.0504026069603
1.01171076265694
1.01864476233731
1.03617684569879
1.11563269530935
1.12221501606506
1.07704674798518
1.08633538660335
1.0609272488197
1.10543216116692
1.03998420419766
1.07167870179316
1.01982707291552
0.981136911694143
0.961259148100706
0.959242992985294
0.934742931278087
0.876299651387895
0.885178041698085
0.856066686263842
0.73509191629271
0.730604233634331
0.704433164181757
0.644505495352094
0.575026822503624
0.561671354194114
0.477909426678807
0.477681238429411
0.431599316104098
0.391036245158961
0.309526968057153
0.336280058538474
0.264673902034147
0.232214148690909
0.189612152876782
0.148298311546708
0.140080770710537
0.142403023281758
0.100176719694048
0.0730086017332383
0.117349017762123
0.0390056636457854
0.0852857242920635
0.0501917991637282
0.10281541036889
0.0816159283383118
0.0869495591224784
0.0148688205517828
0.0681975681258684
0.0194176455387545
0.0462246858842666
0.0771343331933923
0.0340151446289182
0.00311028451718748
-0.0313785106656236
-0.0341271378963599
0.0166104868737757
-0.039887760450756
-0.04762334688572
-0.0649545299227186
-0.0626883609988567
-0.168476114863515
-0.12187623086883
-0.169008964048632
-0.207726271784751
-0.230520820177248
-0.34127718704824
-0.380343108476861
-0.41786928736502
-0.405829196275154
-0.451398447103766
-0.526663439494913
-0.598891444499243
-0.589649084158847
-0.6872320474198
-0.682851616735173
-0.713940476493584
-0.815965376470054
-0.843824175933042
-0.863754072456853
-0.873426161350998
-0.919429966207776
-0.985074393206178
-0.954851366118845
-0.962427153481529
-1.03438481561805
-0.989358130170929
-0.979306697088506
-1.004114523637
-1.02962637661945
-1.03050897696568
-1.000180977571
-0.958151857573637
-0.97791144238384
-0.893469505879941
-0.857172996938174
-0.853526964101373
-0.859958653338254
-0.824421282337353
-0.837969925062771
-0.756182702694437
-0.703355991799594
-0.716111488317491
-0.685036403717168
-0.672327495356844
-0.657533097692592
-0.629551806791795
-0.63911312527367
-0.588886832690999
-0.606229674374964
-0.553571545363455
-0.521019477573776
-0.55254726020932
-0.518897406634346
-0.603689441927961
-0.552958022487868
-0.588660186946507
-0.542182186697679
-0.561169653160665
-0.520262192199977
-0.560576701803032
-0.531909461802419
-0.552654149843949
-0.573565967831242
-0.569401407396294
-0.625302889947286
-0.569790351119234
-0.570833842650524
-0.593263894193138
-0.552485686366247
-0.527875382147678
-0.557974906375344
-0.564910413277223
-0.485870735058311
-0.461930315937672
-0.486611240962159
-0.485963502494436
-0.425918120122707
-0.35888024877234
-0.367524362360876
-0.276673561951334
-0.22204810025438
-0.224626727243186
-0.158896365839404
-0.0602275934334212
-0.0281144338504692
0.0143700831250962
0.0109970670193445
