0
0.155625261933361
0.149176920745765
0.170604465182825
0.230830990583533
0.299791104357807
0.349429041364744
0.41039267857861
0.507930213596001
0.516970665121657
0.546077333943846
0.587493812758493
0.618392045624084
0.669029120863049
0.649605065029471
0.711245771661197
0.670781359721496
0.715862800922133
0.789111566200543
0.790148415138746
0.794626363273882
0.732574343850416
0.756863174723351
0.728812454842412
0.71468981448265
0.786139892688033
0.712368500682723
0.784459994357686
0.785017207248569
0.772002774366439
0.74662189586441
0.783899252107159
0.783684896528557
0.711727758973965
0.707717908890733
0.702207412264449
0.769663356301872
0.813128513013655
0.789367187501207
0.80469752276834
0.803316899600509
0.794378560213896
0.88365889747572
0.853421783627419
0.931712234823601
0.873139268989482
0.899072127097181
0.979082056922995
1.03940129277518
1.0212493900806
1.04403353659436
1.11839314316408
1.06456831460285
1.08460831941078
1.17545804135162
1.1162604817725
1.17978901566577
1.16737231498503
1.21133019391678
1.19161174099736
1.23598432274592
1.17898701250675
1.20571793888381
1.16531178813709
1.168148057421
1.14265055878524
1.08484240775701
1.04879128981866
1.06149832618005
1.06389439156586
0.943102913974335
0.892456507571742
0.877233536304903
0.858704636542638
0.798561378483915
0.793549415463593
0.737813910628446
0.641266675567731
0.608174710518074
0.563969543932078
0.472416098167614
0.472124876126898
0.443762880979083
0.359109932633873
0.323749092970785
0.268086720595363
0.23008585226595
0.26920900077678
0.217777878513713
0.175377762023613
0.146542231999696
0.174646948775703
0.097700559625599
0.107373682379303
0.0936718713306221
0.0663154956376157
0.123154665404389
0.0476985619072048
0.0251590243152933
0.0314749168071367
0.0349810549989342
0.0187996393230341
0.0452236516788942
0.00488987559041094
-0.0149866457706491
0.0153730371544158
-0.0294758431427512
-0.0157856696914413
-0.0701678551716838
0.0013706187396702
-0.0446104104447972
-0.0917376844997259
-0.112974360959759
-0.130841644137424
-0.22124328537717
-0.203329112531845
-0.247528895088281
-0.240631599522021
-0.308458521259926
-0.350259665817273
-0.422390164652333
-0.459459736647157
-0.476389110258175
-0.592234912323311
-0.593862189884075
-0.651779474684981
-0.749650298533285
-0.729970293788752
-0.829495427986604
-0.815994767640486
-0.880698152697196
-0.92579284603083
-0.950886398763877
-1.02433706142493
-0.961711431255158
-1.06247772330855
-1.01434459935621
-1.10030318351744
-1.07365784377477
-1.03885277433443
-1.12794743035046
-1.13206690510579
-1.07104335928566
-1.10079920522788
-1.10375524807361
-1.02086672508858
-1.00142091424797
-1.00688075554529
-1.04455420402277
-0.963870679577903
-0.959379150811583
-0.928494415771249
-0.865205999251805
-0.87176665174418
-0.875473384239606
-0.785186859397956
-0.74942668589075
-0.722117428941129
-0.741196589795321
-0.71636105439678
-0.743311186346296
-0.649770910633317
-0.671418620006457
-0.690815359921837
-0.687109606304703
-0.675938702720356
-0.605819581327774
-0.655631435301283
-0.686547720841899
-0.677073113517628
-0.65036651706676
-0.62522764483586
-0.624559789227755
-0.694220567491512
-0.659271485249709
-0.610961043549713
-0.613476564080289
-0.682741804529363
-0.657237532218808
-0.690806660970252
-0.68702137572708
-0.60163789764213
-0.6009595751126
-0.617940185028948
-0.630963277157917
-0.641071053199266
-0.578486295141636
-0.566866317526071
-0.550844886727161
-0.486684329248983
-0.444979720650168
-0.415552016368341
-0.37545518317379
-0.319297117510104
-0.293660559909001
-0.262515976291266
-0.195044938442194
-0.14926747374977
-0.0612404748613587
0.0215997709810687
0.0659725664183509
