0
0.10080006160662
0.114021436665451
0.22232278709109
0.302959078145111
0.352542634505896
0.350298494131818
0.397149868452216
0.492951672069057
0.463801043873859
0.595929778547885
0.535326181445289
0.635007050089068
0.637612540316402
0.631864823218791
0.680315838545357
0.744871740222498
0.698471725635119
0.768593517813522
0.773194758409435
0.745179133303635
0.759519443178129
0.740719937669003
0.799573621727907
0.789755794961771
0.749202343070891
0.761023877731722
0.796127402872454
0.74762845177433
0.697877242864371
0.734708899076832
0.717528893975333
0.747801108229741
0.785457757685462
0.735015258444288
0.765188014014763
0.786116778442202
0.751546330665881
0.741734284174905
0.779168351893834
0.795740422259155
0.869543668618949
0.843981477030933
0.894716395338474
0.882478182448642
0.885766047416993
0.908197232575051
0.964164411412709
1.02555563363468
1.02416079022366
1.01169686196372
1.04429219671534
1.1437786037049
1.15615748689482
1.14123416278172
1.14851851114772
1.12626944940176
1.13488709840843
1.15556601712711
1.16270977936529
1.22644062968028
1.19221294762688
1.21046461968369
1.12310879381655
1.11772086357445
1.09718011867692
1.14480100614723
1.05496789331101
1.00968363175682
0.974603867291746
1.02656241876121
0.970951128267452
0.923835236249489
0.88319864610075
0.758322998796844
0.728992853121844
0.728879530141838
0.65330894095312
0.642505159026337
0.55012109594613
0.536158795685932
0.485085784409446
0.40732476920446
0.397301140411582
0.356510861501839
0.308364945149276
0.294872663066383
0.216770611825657
0.219951548522492
0.205850875735536
0.212820922192544
0.143358766599053
0.159659431407425
0.100828933964995
0.0509178438969287
0.0708333418196044
0.0612080808406868
0.110271282367799
0.0629987311161714
0.0877804810020544
0.0773009781725704
0.063419276864507
0.0143604105726225
0.078717677235213
0.00757468476386871
-0.0148075918158496
-0.00631314272064301
-0.0105106378603258
-0.0576484944654736
-0.0567972122081164
-0.111732334345938
-0.0444607879820021
-0.131110518241455
-0.143088009982628
-0.179069459800269
-0.208419276552502
-0.261307190921899
-0.332509247197595
-0.352576556565218
-0.358591568608088
-0.405248289772735
-0.432541369164435
-0.486599791685445
-0.512729979953274
-0.641750117177852
-0.610230026574817
-0.729063131016934
-0.781169738079002
-0.824935099711639
-0.843126894981369
-0.844764344366749
-0.937423073447584
-0.97703293862335
-1.00918036571257
-0.977304180206325
-1.02701116584678
-1.01904905110344
-1.11415970187916
-1.04812973507366
-1.11306414304423
-1.13782712569517
-1.05507728213288
-1.09128223749108
-1.05733547674411
-1.08824433788296
-1.01857485841729
-1.02292559161443
-1.03581437329734
-1.02996792280513
-1.01377768469052
-0.945306123886258
-0.888899380307677
-0.898815610420309
-0.839904662916594
-0.885712542344711
-0.806698033391305
-0.813505435607032
-0.789600512006728
-0.77142708708477
-0.750716683073493
-0.719218404430035
-0.689368864116779
-0.642175428488568
-0.713449945775503
-0.669318348971693
-0.678631022545648
-0.601555466251262
-0.617215206671634
-0.646741079017356
-0.628616690439896
-0.608506383098466
-0.653235016559512
-0.625682945346893
-0.601706703376632
-0.609283507320296
-0.661249758297589
-0.673790375326595
-0.651163909972095
-0.709702760303283
-0.649152680934918
-0.694175793975763
-0.660454611947561
-0.686606443795998
-0.651619884461053
-0.606050931748523
-0.620764786448126
-0.537284642648308
-0.526209685247956
-0.562471452183551
-0.445324382279086
-0.465190557477923
-0.385506538043004
-0.403796014572753
-0.319110431478584
-0.300896517963663
-0.264218146924046
-0.145912387003087
-0.0831834387294488
-0.0575247316437414
-0.0207241768099414
0.0970633629709494
