0
0.121373469611419
0.129440987733484
0.152963967990303
0.15880714786719
0.207195645876938
0.188445028855273
0.27317405222952
0.339968975870633
0.30640422066519
0.346572916477131
0.393245338874073
0.458234470299287
0.422609615780359
0.511939941948754
0.543014034972538
0.57007932611618
0.533089105821537
0.580116194755604
0.563702128338654
0.658690748658795
0.679820445488964
0.653267009662572
0.680198957776148
0.784400036310583
0.723050942173239
0.821850108025822
0.835847487214581
0.797573982751212
0.857309981091895
0.908768295205342
0.889765378196291
0.914062338585658
0.889974460069716
0.976029193879741
0.976584503499715
0.953078881855502
0.982279952304769
0.993914706790784
1.02878555732168
1.03763172871791
1.05286882392545
0.972629377083799
1.06143824908536
1.05741714349889
1.04382925394378
1.05646705553552
1.01950857497559
1.09422544062447
1.04919136197033
1.08044073274359
1.08761090061354
1.00984658941936
1.00597793569596
1.08945473004749
1.06230542480401
0.996450984561227
1.04771199201819
1.01992760433438
0.986831085695367
0.989491098591912
1.02043300617806
0.943938977802136
0.94839901390146
0.943078237510666
0.961197410875855
0.9758606506639
0.937930613913268
0.867880240718526
0.839115321744732
0.841487347602056
0.872325829259135
0.831482261339417
0.758810711379722
0.809670303246232
0.779200724041101
0.721281001003265
0.726454764516521
0.686438635563585
0.644152586564247
0.669836340674032
0.578256696625639
0.571617928602567
0.520488747339086
0.542763056371992
0.471439806249935
0.47794328466664
0.401486572332626
0.389083609132869
0.437751935089143
0.312682465451912
0.355108711010161
0.254088167338395
0.299446638962622
0.2217512094479
0.221268608075344
0.154708378682988
0.147772115279161
0.0963120014120939
0.0715399071069192
0.0173809251748022
-0.0160530237907303
-0.0580974705231493
-0.0685860295744476
-0.121610878608333
-0.0773400384269301
-0.0899728328984174
-0.134976403518017
-0.153262027590299
-0.241951698230896
-0.307720891374307
-0.277617745047571
-0.270488698090269
-0.307817310828662
-0.423052127516371
-0.450894238119026
-0.480276349232232
-0.473958962726729
-0.531878181350252
-0.541337342909563
-0.553302054029722
-0.586985766824161
-0.632695534093413
-0.632885914300997
-0.611091626001328
-0.625119739858445
-0.682464087518158
-0.70966857318543
-0.750650060748897
-0.719694887596198
-0.789998518663602
-0.796237715069704
-0.80658318687479
-0.814177919150024
-0.846865908441769
-0.835346318667678
-0.850740664377257
-0.860667495118785
-0.895728249633649
-0.90318786345742
-0.929331165863056
-0.953893047230731
-0.9362607456054
-0.962150930181411
-0.937573536754928
-0.902712891692441
-0.96848999681568
-0.951072978300913
-0.9317860420638
-0.939126672714079
-0.973680038377643
-0.91296868839028
-0.979023380841431
-0.964731776693775
-0.93270199075958
-0.960284613141936
-0.94417284549155
-0.934745682902899
-0.881881126133671
-0.877622076156031
-0.914585857963044
-0.879472131397047
-0.906360993785747
-0.861977130981493
-0.862174691557333
-0.863278263507334
-0.870960221172946
-0.800464057520657
-0.842998856196804
-0.781082811967037
-0.78851903005238
-0.785540814447232
-0.734383991653314
-0.692312753300742
-0.725744776657077
-0.667730509856727
-0.609509365292071
-0.592383549460638
-0.54655062129173
-0.545829959057097
-0.54948862429412
-0.521660505398202
-0.492912005622705
-0.494639176260071
-0.392974610672032
-0.411919854738761
-0.403177164445173
-0.33014803788433
-0.323233643415226
-0.270312973337384
-0.267923583823399
-0.212278143855127
-0.192735424316251
-0.20081580002829
-0.12327840729318
-0.0850582140765721
-0.0852223622753784
-0.0631913536192707
0.0182510029810365
0.0456566779447961
0.0846985132433481
