-0.079999
-0.090000
-0.090000
-0.100000
-0.100000
-0.119999
-0.140000
-0.170000
-0.349999
-0.460000
-0.600000
-1.990000
-2.509999
-4.809999
-5.070000
-5.409999
-5.559999
-5.559999
-5.739999
-5.860000
-5.960000
-6.809999
-12.500000
-14.300000
-15.199999
-15.600000
-15.899999
-16.500000
-17.799999
-18.000000
-18.299999
-18.500000
-18.799999
-19.299999
-19.700000
-19.899999
-20.100000
-20.600000
-20.899999
-20.899999
-21.700000
-21.899999
-22.399999
-22.600000
-22.899999
-23.200000
-23.500000
-23.799999
-23.799999
-24.100000
-24.399999
-24.700000
-25.100000
-25.399999
-25.799999
-26.500000
-26.799999
-27.100000
-27.399999
-27.700000
-28.000000
-28.299999
-28.700000
-29.000000
-29.299999
-29.700000
-30.000000
-30.399999
-30.700000
-31.000000
-31.299999
-31.600000
-32.299999
-33.299999
-33.900001
-34.299999
-35.000000
-35.400001
-35.700000
-36.500000
-36.799999
-36.799999
-37.200000
-37.500000
-37.900001
-38.299999
-38.599998
-39.000000
-39.400001
-39.799999
-40.099998
-40.500000
-40.900001
-41.299999
-41.599998
-42.299999
-42.700000
-43.000000
-43.400001
-43.799999
-44.099998
-44.500000
-44.799999
-45.200000
-45.599998
-46.000000
-46.299999
-47.099998
-47.500000
-47.900001
-48.299999
-48.700000
-49.200000
-49.599998
-50.000000
-50.400001
-50.799999
-51.200000
-51.599998
-51.900001
-52.299999
-52.700000
-53.000000
-53.299999
-53.500000
-53.700000
-54.000000
-54.200000
-54.400001
-54.599998
-54.799999
-55.000000
-55.099998
-55.099998
-55.200000
-55.299999
-55.400001
-55.500000
-55.599998
-55.700000
-55.799999
-56.000000
-56.099998
-56.200000
-56.400001
-56.500000
-56.700000
-56.799999
-57.000000
-57.200000
-57.400001
-57.599998
-57.799999
-57.900001
-58.099998
-58.299999
-58.500000
-58.599998
-58.700000
-58.900001
-59.000000
-59.200000
-59.299999
-59.400001
-59.500000
-59.700000
-59.799999
-60.000000
-60.099998
-60.299999
-60.500000
-60.700000
-60.900001
-61.099998
-61.299999
-61.599998
-61.799999
-62.000000
-62.099998
-62.299999
-62.500000
-62.599998
-62.799999
-62.900001
-63.099998
-63.200000
-63.299999
-63.400001
-63.400001
-63.500000
-63.500000
-63.599998
-63.599998
-63.700000
-63.799999
-63.799999
-63.900001
-64.000000
