-0.340000
-0.810000
-0.810000
-0.990000
-1.549999
-1.710000
-1.980000
-2.089999
-2.369999
-2.509999
-2.640000
-2.750000
-2.880000
-3.009999
-3.140000
-3.230000
-3.279999
-3.299999
-3.390000
-3.480000
-3.619999
-3.910000
-4.250000
-4.420000
-4.780000
-4.949999
-5.119999
-5.269999
-5.380000
-5.480000
-5.579999
-5.719999
-6.110000
-6.510000
-7.030000
-7.260000
-7.489999
-7.710000
-8.119999
-8.319999
-8.539999
-8.760000
-8.979999
-9.489999
-10.199999
-10.399999
-10.899999
-11.399999
-11.600000
-12.100000
-12.300000
-12.699999
-13.000000
-13.100000
-13.399999
-13.500000
-14.300000
-15.300000
-15.500000
-15.800000
-16.700000
-18.000000
-18.500000
-19.799999
-20.299999
-20.500000
-20.700000
-20.899999
-21.399999
-21.500000
-21.700000
-21.799999
-22.100000
-22.200000
-22.299999
-22.600000
-22.600000
-22.700000
-22.799999
-22.799999
-22.899999
-24.600000
-24.899999
-25.299999
-25.899999
-26.799999
-26.799999
-26.899999
-26.899999
-27.200000
-27.799999
-28.100000
-28.700000
-28.899999
-29.500000
-29.799999
-29.799999
-30.100000
-30.100000
-30.799999
-31.299999
-31.700000
-32.000000
-32.200000
-32.500000
-32.799999
-33.099998
-33.400001
-33.700000
-34.000000
-34.299999
-34.700000
-35.000000
-35.400001
-35.700000
-36.099998
-36.500000
-36.799999
-37.099998
-37.500000
-37.799999
-38.099998
-38.500000
-38.799999
-39.099998
-39.099998
-39.200000
-39.200000
-39.299999
-39.500000
-39.500000
-39.599998
-39.700000
-39.700000
-39.799999
-40.000000
-40.099998
-40.299999
-40.400001
-40.599998
-40.799999
-41.000000
-41.200000
-41.400001
-41.700000
-42.000000
-42.299999
-42.299999
-42.500000
-42.599998
-42.799999
-43.099998
-43.400001
-43.599998
-43.900001
-44.099998
-44.200000
-44.299999
-44.400001
-44.400001
-44.400001
-44.500000
-44.599998
-44.799999
-44.900001
-45.000000
-45.099998
-45.099998
-45.200000
-45.299999
-45.400001
-45.400001
-45.500000
-45.500000
-45.599998
-45.700000
-45.799999
-45.900001
-46.000000
-46.200000
-46.299999
-46.400001
-46.500000
-46.599998
-46.700000
-46.700000
-46.900001
-47.000000
-47.099998
-47.200000
-47.299999
-47.500000
-47.599998
-47.700000
-47.900001
-48.000000
-48.099998
-48.200000
-48.400001
-48.500000
-48.700000
-48.799999
-48.900001
-49.000000
-49.099998
-49.200000
-49.299999
-49.400001
-49.500000
-49.599998
-49.599998
-49.700000
-49.799999
-49.900001
-50.000000
-50.099998
-50.200000
-50.299999
-50.500000
-50.599998
-50.700000
-50.799999
-50.900001
-51.000000
-51.099998
-51.200000
-51.299999
-51.400001
-51.500000
-51.599998
-51.700000
-51.799999
-51.900001
-52.000000
-52.099998
-52.099998
-52.200000
-52.299999
-52.400001
-52.500000
-52.599998
-52.700000
-52.799999
-52.900001
-53.000000
-53.099998
-53.200000
-53.200000
-53.299999
-53.400001
-53.400001
-53.500000
-53.599998
-53.700000
-53.700000
-53.799999
-53.900001
-53.900001
-54.000000
-54.000000
-54.099998
-54.200000
-54.299999
-54.400001
-54.500000
-54.599998
-54.700000
-54.799999
-54.799999
-54.900001
-54.900001
-55.000000
-55.099998
-55.200000
-55.299999
-55.400001
-55.500000
-55.599998
-55.599998
-55.700000
-55.700000
-55.799999
-55.900001
-55.900001
