-0.829999
-0.949999
-1.039999
-1.169999
-1.309999
-2.269999
-5.429999
-5.519999
-5.630000
-5.760000
-8.859999
-8.989999
-9.199999
-9.869999
-10.300000
-11.500000
-15.000000
-15.199999
-15.800000
-16.399999
-16.399999
-16.799999
-17.200000
-17.399999
-17.600000
-18.299999
-19.799999
-20.299999
-20.399999
-20.600000
-21.200000
-21.299999
-21.500000
-21.600000
-21.700000
-21.899999
-22.000000
-22.100000
-22.299999
-22.500000
-22.799999
-23.000000
-23.299999
-23.500000
-23.799999
-24.399999
-25.000000
-26.000000
-26.200000
-26.399999
-27.100000
-27.600000
-27.700000
-27.899999
-28.299999
-28.500000
-28.600000
-28.799999
-28.899999
-29.000000
-29.200000
-29.299999
-29.500000
-29.700000
-29.899999
-30.399999
-30.700000
-31.000000
-31.600000
-31.899999
-32.200000
-32.500000
-32.700000
-32.799999
-32.799999
-32.900001
-33.000000
-33.099998
-33.299999
-33.400001
-33.500000
-33.599998
-33.799999
-33.900001
-34.099998
-34.299999
-34.500000
-34.700000
-34.900001
-35.099998
-35.299999
-35.700000
-35.799999
-36.099998
-36.299999
-36.500000
-36.700000
-36.799999
-37.000000
-37.200000
-37.400001
-37.700000
-38.000000
-38.099998
-38.200000
-38.400001
-38.500000
-38.700000
-39.200000
-39.299999
-39.299999
-39.400001
-39.400001
-39.599998
-39.700000
-39.900001
-40.099998
-40.299999
-40.400001
-40.599998
-40.900001
-41.099998
-41.400001
-41.599998
-41.900001
-42.099998
-42.299999
-42.500000
-42.599998
-42.799999
-43.000000
-43.200000
-43.299999
-43.500000
-43.599998
-43.599998
-43.700000
-43.799999
-43.900001
-44.000000
-44.099998
-44.099998
-44.200000
-44.299999
-44.500000
-44.700000
-44.799999
-45.099998
-45.299999
-45.400001
-45.599998
-45.799999
-46.099998
-46.299999
-46.500000
-46.799999
-47.099998
-47.400001
-47.700000
-47.900001
-48.099998
-48.299999
-48.500000
-48.599998
-48.700000
-48.799999
-49.000000
-49.099998
-49.200000
-49.299999
-49.299999
-49.400001
-49.500000
-49.599998
-49.700000
-49.900001
-50.000000
-50.200000
-50.299999
