21.423999
21.426000
21.426000
21.424999
21.424999
21.422000
19.506999
19.461000
19.419000
19.364000
17.576999
17.576999
17.576999
17.576999
16.986000
16.986000
12.371999
12.213000
11.947999
11.210000
13.128999
10.885999
10.555999
10.477999
10.477999
10.222999
10.109999
10.109999
9.774000
9.750000
9.661999
9.661999
9.633000
9.616000
9.602999
9.579000
9.548000
9.548000
9.482999
9.447999
9.432000
9.413000
9.413000
9.385999
9.315999
9.067000
8.777000
8.272000
8.272000
8.012000
7.445000
7.284999
7.199999
7.111999
6.848999
6.734000
6.589000
6.416999
6.248000
6.120999
6.033999
5.986999
5.934000
5.848000
5.782000
5.619999
5.467999
5.191999
4.931000
4.914999
4.910999
4.864999
4.778999
4.751999
4.763000
4.763000
4.598999
4.598999
4.296000
4.155000
4.073999
4.073999
3.789999
3.789999
3.664000
3.641000
3.634000
3.627000
3.619999
3.614000
3.578999
3.463999
3.450999
3.427000
3.361999
3.305999
3.230000
3.230000
3.059999
2.984999
2.964999
2.963999
2.943000
2.927999
2.926000
2.921999
2.897000
2.862999
2.786000
2.783999
2.783999
2.785000
2.779999
2.773999
2.769999
2.760999
2.743999
2.726999
2.713999
2.700000
2.681999
2.661999
2.641999
2.617000
2.595999
2.573999
2.551000
2.533999
2.519000
2.507999
2.500000
2.486000
2.469000
2.460999
2.450999
2.441999
2.437999
2.434999
2.431999
2.427999
2.421999
2.421000
2.417999
2.413000
2.400000
2.368999
2.328999
2.253999
2.217999
2.187000
2.164000
2.144999
2.131999
2.119999
2.118999
2.019000
1.965999
1.947000
2.094000
2.336999
2.401000
2.421000
2.424000
2.424999
2.434000
2.441999
2.444999
2.438999
2.434999
2.434999
2.434999
2.437999
2.446000
2.451999
2.451999
2.450999
2.450999
2.450000
2.450999
