22.263999
21.863000
21.863000
21.735000
21.197999
21.048000
20.924999
20.900999
20.850999
20.827999
20.827999
20.794000
20.780000
20.763999
20.749000
20.736999
20.729000
20.725999
20.722999
20.715999
20.707000
20.681999
20.650999
20.650999
20.583999
20.548999
20.497999
20.430999
20.430999
20.430999
20.259000
20.173000
20.073999
20.073999
19.829000
19.829000
19.233999
19.233999
18.451999
18.115999
-255.000000
17.614000
17.489999
17.371000
17.274000
17.145000
16.972000
16.621000
16.538999
15.621000
15.067999
15.067999
13.762000
13.241999
13.041999
13.041999
12.151000
12.225000
11.359999
11.359999
15.220999
12.159000
9.458000
9.263999
9.263999
9.279000
9.274000
9.274000
9.272999
9.279000
9.279000
9.281999
9.329999
9.329999
9.461999
9.487000
9.468000
9.458999
9.453000
9.453000
9.451999
9.175000
9.133999
9.093999
9.003999
8.939000
8.852999
8.904000
8.904000
8.611000
8.213999
8.067999
7.784999
7.597000
7.339000
7.339000
7.339000
6.940000
6.678999
6.548999
6.239999
6.105999
6.105999
5.612999
5.448999
5.309000
5.151999
5.007999
4.870999
4.709000
4.564000
4.403999
4.250999
4.090000
3.914000
3.730999
3.634000
3.589999
3.589999
3.589999
3.595999
3.592999
3.552999
3.450000
3.359999
3.341000
3.321000
3.299000
3.279999
3.265000
3.243000
3.220000
3.207999
3.207999
3.201999
3.220999
3.272000
3.302000
3.335000
3.326999
3.299999
3.223000
3.147000
3.020999
2.940999
2.907999
2.907999
2.907999
2.867000
9.310000
2.861000
2.845000
2.845000
2.795000
2.780999
2.780999
2.780999
2.805999
2.815999
2.819999
2.822999
2.822999
2.812999
2.789000
2.772000
2.762000
2.757999
2.756000
2.747999
2.727999
2.713999
2.706000
2.703000
2.700000
2.697000
2.694999
2.697999
2.710000
2.724999
2.730999
2.719000
2.703999
2.697999
2.720000
2.753000
2.812999
2.872999
2.928999
2.960999
2.973000
2.974999
2.974999
2.957999
2.950000
2.947999
2.947000
2.946000
2.944999
2.938999
2.926000
2.900000
2.867000
2.842000
2.819000
2.803999
2.789999
2.766999
2.743000
2.723000
2.713000
2.704999
2.694999
2.677999
2.664000
2.651000
2.638000
2.631999
2.631000
2.625000
2.618000
2.609999
2.605000
2.601999
2.601999
2.599999
2.598999
2.595999
2.594000
2.594000
2.595000
2.596999
2.601000
2.605999
2.609999
2.617000
2.628999
2.640000
2.648999
2.648999
2.638000
2.622999
2.588000
2.542000
2.506999
2.493000
2.489000
2.486999
2.486000
2.486000
2.486999
2.486999
2.486999
2.489000
2.502000
2.506999
2.513000
2.519000
2.520999
2.519000
2.520999
2.523000
2.523999
2.526000
2.528000
2.529999
2.530999
2.533999
2.536999
2.540999
2.540999
2.542999
2.543999
2.543999
2.542999
2.543999
2.546999
2.552000
2.552999
2.553999
2.553999
2.553999
2.555000
2.561000
2.572999
